facilities = 30 objectives = 2 max_distances = 100 max flows = 100 correlation = -0.800000 seed = 1138762028
 0 31 60 61 68 37 90 97 47  2 42  1 31 84  7 58  8 83 51  3  4 50 38 42 13 76  9 54 92 87 
31  0 23 64 13  2 51 33 66 33 37 14 37 13  3 99 86 25 100 20 65 80 92 73 26 30 65  4 74 25 
60 23  0 70  8 72 16 99 16 55 100 13  7 95  3 60 12 92 39 85 96 69 89 55 76 82 20 49 77 23 
61 64 70  0 41 98 35 29 96 67 71  2 89 17 55 70 75 71 80 69 16 71 44 15  2 13 27 72  5  7 
68 13  8 41  0 56 26 54 95 77  2 59 76 72 15 44 51 85 23 71 60  5  8 94 53 55 86 74 73 77 
37  2 72 98 56  0 93 39 49 61 74  8 60 32 92 18 94 22 60 98 84  2 48 74 66 89 55 68 96 90 
90 51 16 35 26 93  0 15 92 18 84 45 17  3 58 18 25 43 26 51 40 48 59 54 71 90 83 52 54 28 
97 33 99 29 54 39 15  0 18 49 15 52 56 19 58  7 94 32 22 65 92 93 42 42 95 40 28 82 17 29 
47 66 16 96 95 49 92 18  0 20  8 47 20 40 99 91 74 94 31 68 11 44 25 96 89 33 81 74 64 87 
 2 33 55 67 77 61 18 49 20  0 82 54 46 81 76 49 68 25 16 16 10 91 52 51 27 73 28 22 82 26 
42 37 100 71  2 74 84 15  8 82  0 87  5 26 74 60 47 60 26 27 67  6 73  4  4 14 70 34 85 93 
 1 14 13  2 59  8 45 52 47 54 87  0 52 63  7 30  8 11 39 43 13 74 98 93 47 39 52 98 31 59 
31 37  7 89 76 60 17 56 20 46  5 52  0 32 67 78 33 25 41 67 54 92 55 41 66 72 39 41 11 36 
84 13 95 17 72 32  3 19 40 81 26 63 32  0 12 52 38 89 18 32  5 61 80  6 97 48 23 67 47  1 
 7  3  3 55 15 92 58 58 99 76 74  7 67 12  0  4 64 88 28 93 84 95 38 32 60 55 65 83 33 73 
58 99 60 70 44 18 18  7 91 49 60 30 78 52  4  0 32 52 93 46 96 85 75 25 10 93 53 31 70 17 
 8 86 12 75 51 94 25 94 74 68 47  8 33 38 64 32  0 86  1 78 72  7 36 71 59 81  6 35 37 35 
83 25 92 71 85 22 43 32 94 25 60 11 25 89 88 52 86  0 68 82 92 96 20 10 78 62 66 41 37 43 
51 100 39 80 23 60 26 22 31 16 26 39 41 18 28 93  1 68  0 16 85  5 66 65 29 97 87 92 88 37 
 3 20 85 69 71 98 51 65 68 16 27 43 67 32 93 46 78 82 16  0 36  9 28 25 52 75 43 86 54 66 
 4 65 96 16 60 84 40 92 11 10 67 13 54  5 84 96 72 92 85 36  0 74  8 41 64 85 18 59 67 14 
50 80 69 71  5  2 48 93 44 91  6 74 92 61 95 85  7 96  5  9 74  0  9 67 31 18 38 81 29 30 
38 92 89 44  8 48 59 42 25 52 73 98 55 80 38 75 36 20 66 28  8  9  0 58 40 77 42 11 94 74 
42 73 55 15 94 74 54 42 96 51  4 93 41  6 32 25 71 10 65 25 41 67 58  0 37 43 24  1 10 72 
13 26 76  2 53 66 71 95 89 27  4 47 66 97 60 10 59 78 29 52 64 31 40 37  0 62 87 49 62 53 
76 30 82 13 55 89 90 40 33 73 14 39 72 48 55 93 81 62 97 75 85 18 77 43 62  0 73 82 51 57 
 9 65 20 27 86 55 83 28 81 28 70 52 39 23 65 53  6 66 87 43 18 38 42 24 87 73  0 77 99 21 
54  4 49 72 74 68 52 82 74 22 34 98 41 67 83 31 35 41 92 86 59 81 11  1 49 82 77  0 64  6 
92 74 77  5 73 96 54 17 64 82 85 31 11 47 33 70 37 37 88 54 67 29 94 10 62 51 99 64  0 85 
87 25 23  7 77 90 28 29 87 26 93 59 36  1 73 17 35 43 37 66 14 30 74 72 53 57 21  6 85  0 

 0 82 55 82 94 76 95 16 10 55 25 12 90 17 14 95 73 10 77 63 55 60  8  9 26 41 28  6 64 99 
82  0 70  6 46 31 94 46  1 61 37 23 55 45  3 14  4 97 24 34 38  6 29 47 29 12 87 47 74 93 
55 70  0 78 50 40 96 57 83 80 18 53 52 14 36 85 92  1 26 46 33 16 60  5 74 94 74 25 20 86 
82  6 78  0 44 89 20 58  7 52 14 89 78 43  7 24 81 61 88 40 42 26 11 68  3 33 36 86 86 97 
94 46 50 44  0 77 27 50 77 59 54 40 74 83 11 57 92 78 37 83 78 27 70  7 53 31 36 66 59 66 
76 31 40 89 77  0 78  8 25 28 88 61 11 28 30 21 50 26  3 78 99 55 24 24 88 36 24 46 65 72 
95 94 96 20 27 78  0 85 16 35 84 80 79 70 36 32 14 60 89 35 68  6 62 17 67 39 35 95 64 20 
16 46 57 58 50  8 85  0 54 41 83 57 19 17 80 53 86 98 13  3 44 78 13  1 78 25 92 96 69 30 
10  1 83  7 77 25 16 54  0 79 43 25 52 29 99 31 81 49 96 77 34 11  1 41 13 63 12 30  7 52 
55 61 80 52 59 28 35 41 79  0  9 75 22 55 94  3 57 89 11 64 90 72  2 70  9 88 34  3 92 58 
25 37 18 14 54 88 84 83 43  9  0 15 68 18 92 84 17  8 37 73 79 58 47  4 91 74 63 67 41 65 
12 23 53 89 40 61 80 57 25 75 15  0 51 42 10 93 85 17 55 45 73 42 21  3 46 12 15 41 24 21 
90 55 52 78 74 11 79 19 52 22 68 51  0 31 43 60 47 80 84 24 91 86 41 86 80 92 90  3 18 65 
17 45 14 43 83 28 70 17 29 55 18 42 31  0 14 86 17 38 13 69 80 25 11 36 44 50 20 45 28 14 
14  3 36  7 11 30 36 80 99 94 92 10 43 14  0 82 58  6 33 75 42 51 50 68 67 26 86 38  8 69 
95 14 85 24 57 21 32 53 31  3 84 93 60 86 82  0 43 94 43 29 92 95 32 23 29 37 95 29 81 75 
73  4 92 81 92 50 14 86 81 57 17 85 47 17 58 43  0 90  5 36 15 52 46 60 59 13 74  6 67 78 
10 97  1 61 78 26 60 98 49 89  8 17 80 38  6 94 90  0 36 84 42 79 67 64 87 82 77 68  8 82 
77 24 26 88 37  3 89 13 96 11 37 55 84 13 33 43  5 36  0 85 90 35 67 95 51 26  3 84 83 35 
63 34 46 40 83 78 35  3 77 64 73 45 24 69 75 29 36 84 85  0 21 23  8  6 42 56 15 47 67 61 
55 38 33 42 78 99 68 44 34 90 79 73 91 80 42 92 15 42 90 21  0 92 82 52 92 15 11 23 22 25 
60  6 16 26 27 55  6 78 11 72 58 42 86 25 51 95 52 79 35 23 92  0 43 94 49 70 22 64 82 32 
 8 29 60 11 70 24 62 13  1  2 47 21 41 11 50 32 46 67 67  8 82 43  0 97 48 49 48  3 89 100 
 9 47  5 68  7 24 17  1 41 70  4  3 86 36 68 23 60 64 95  6 52 94 97  0 38 22  6 61 45  1 
26 29 74  3 53 88 67 78 13  9 91 46 80 44 67 29 59 87 51 42 92 49 48 38  0 43 92 67 42 39 
41 12 94 33 31 36 39 25 63 88 74 12 92 50 26 37 13 82 26 56 15 70 49 22 43  0 89 89 60 17 
28 87 74 36 36 24 35 92 12 34 63 15 90 20 86 95 74 77  3 15 11 22 48  6 92 89  0 93 92 34 
 6 47 25 86 66 46 95 96 30  3 67 41  3 45 38 29  6 68 84 47 23 64  3 61 67 89 93  0 94 60 
64 74 20 86 59 65 64 69  7 92 41 24 18 28  8 81 67  8 83 67 22 82 89 45 42 60 92 94  0 66 
99 93 86 97 66 72 20 30 52 58 65 21 65 14 69 75 78 82 35 61 25 32 100  1 39 17 34 60 66  0 

 0 21 49  1 19 38 18 87 87 50 69 85  7 75 85  9 23 95 31 22 30 36 88 98 70 87 81 83 20 21 
21  0 32 96 47 66  7 52 98 41 53 79 32 63 85 86 78  4 90 78 54 90 54 68 66 94 23 43 44  3 
49 32  0 15 57 48  3 46  7  1 59 30 46 93 60  8 18 93 77 65 78 85 60 86 19 11 25 90 92 16 
 1 96 15  0 39 11 88 41 84 38 69 16 36 53 86 83 23 19 12 60 62 44 100 38 78 72 62 21 17  5 
19 47 57 39  0 28 94 59 40 52 49 54 40  9 95 48 11 32 46 20 37 76  9 95 34 71 76 32 39 40 
38 66 48 11 28  0 32 92 71 73 10 49 97 60 78 80 65 66 100 24  1 42 81 80 13 47 67 55 41 21 
18  7  3 88 94 32  0 15 90 49  7 25 23 22 82 49 79 58 12 61 44 89 26 82 28 39 58  1 53 78 
87 52 46 41 59 92 15  0 32 76 30 49 81 89 10 42 17 14 83 77 56 21 79 81 15 95 13  2 47 62 
87 98  7 84 40 71 90 32  0 17 60 81 46 72  5 66 12 59 19 31 78 90 78 39 89 12 80 70 90 54 
50 41  1 38 52 73 49 76 17  0 87 11 84 46  7 96 36 18 94 22  8 36 82 15 89  9 56 96 18 39 
69 53 59 69 49 10  7 30 60 87  0 84 32 82 13  4 85 83 48 25 35 43 63 72 24 17 42 40 63 45 
85 79 30 16 54 49 25 49 81 11 84  0 45 75 98 15 11 98 57 65 49 44 56 86 39 87 93 55 70 74 
 7 32 46 36 40 97 23 81 46 84 32 45  0 76 43 50 68 30  7 84  8 16 67 12 10 16 23 83 80 22 
75 63 93 53  9 60 22 89 72 46 82 75 76  0 86 19 75 67 87 22 29 72 99 59 69 62 84 59 79 96 
85 85 60 86 95 78 82 10  5  7 13 98 43 86  0  7 49 92 59 33 39 50 59 33 40 54 20 69 79 36 
 9 86  8 83 48 80 49 42 66 96  4 15 50 19  7  0 51  8 60 70 24  9 67 82 68 67 11 71 23 30 
23 78 18 23 11 65 79 17 12 36 85 11 68 75 49 51  0  9 81 68 84 43 50 31 38 91 26 96 37 37 
95  4 93 19 32 66 58 14 59 18 83 98 30 67 92  8  9  0 57 27 62 19 46 33 15  4 27 33 89 21 
31 90 77 12 46 100 12 83 19 94 48 57  7 87 59 60 81 57  0 20 11 62 13  5 36 77 88 11 18 72 
22 78 65 60 20 24 61 77 31 22 25 65 84 22 33 70 68 27 20  0 85 74 88 91 66 37 77 64 22 30 
30 54 78 62 37  1 44 56 78  8 35 49  8 29 39 24 84 62 11 85  0 24 16 47 18 80 94 83 88 70 
36 90 85 44 76 42 89 21 90 36 43 44 16 72 50  9 43 19 62 74 24  0 40 20 58 35 76 35 31 72 
88 54 60 100  9 81 26 79 78 82 63 56 67 99 59 67 50 46 13 88 16 40  0 25 45 48 49 86  9 19 
98 68 86 38 95 80 82 81 39 15 72 86 12 59 33 82 31 33  5 91 47 20 25  0 73 69 88 48 73 88 
70 66 19 78 34 13 28 15 89 89 24 39 10 69 40 68 38 15 36 66 18 58 45 73  0 54 23 27 55 60 
87 94 11 72 71 47 39 95 12  9 17 87 16 62 54 67 91  4 77 37 80 35 48 69 54  0  8 14 46 89 
81 23 25 62 76 67 58 13 80 56 42 93 23 84 20 11 26 27 88 77 94 76 49 88 23  8  0 11 18 76 
83 43 90 21 32 55  1  2 70 96 40 55 83 59 69 71 96 33 11 64 83 35 86 48 27 14 11  0  7 22 
20 44 92 17 39 41 53 47 90 18 63 70 80 79 79 23 37 89 18 22 88 31  9 73 55 46 18  7  0 37 
21  3 16  5 40 21 78 62 54 39 45 74 22 96 36 30 37 21 72 30 70 72 19 88 60 89 76 22 37  0 
