facilities = 60 objectives = 2 max_distances = 191 max flows = 99915 overlap =  1.00 seed = 13709197 correlation1 = 0.000 A = -5 B = 5 M = 0 K = 1 m = 100
 0 50 146 31 70 75 82 65 54 118 74 24 56 26 23 67 92 31 58 57 56 52 60 39 123 61 72 84 120 47 56 74 94 49 87 94 86 13 37 84 107 36 34 84 40 97 97 53 72 102 112 84 124 86 83 65 41 56 58 77 
50  0 97 36 31 36 32 15 21 87 79 73  7 24 47 21 49 19 93  9  7 18 72 18 79 16 47 44 74 93  7 31 84  7 41 47 57 61 80 60 81 17 43 41 22 53 51  6 33 95 72 34 75 36 48 18 28 47  8 27 
146 97  0 132 77 73 65 85 92 71 130 167 93 121 144 90 88 115 189 94 93 107 135 114 28 85 119 66 77 191 93 72 154 96 58 51 77 155 178 86 129 114 124 90 107 85 49 96 98 164 49 67 59 69 105 80 122 109 89 77 
31 36 132  0 66 71 67 47 52 121 95 53 39 22 13 44 64 27 57 38 39 26 83 18 115 52 40 80 93 61 39 67 64 40 77 83 89 45 47 90 75 19 52 56 42 70 87 36 44 73 108 66 100 65 53 54 12 68 44 57 
70 31 77 66  0  5 26 31 16 56 65 91 33 48 75 42 65 42 121 35 33 49 64 49 53 15 76 14 82 117 33  5 113 25 20 27 27 78 106 32 105 46 46 60 30 67 27 34 56 125 42 34 76 40 71 16 59 35 26 36 
75 36 73 71  5  0 28 35 21 51 64 95 38 53 80 46 68 47 126 40 38 54 64 54 49 20 80  9 84 122 38  7 118 31 19 25 22 82 111 28 109 51 50 63 35 70 24 40 60 130 37 36 77 42 75 21 65 37 31 40 
82 32 65 67 26 28  0 20 34 72 91 105 28 56 79 27 42 50 124 29 28 42 89 49 50 23 61 29 56 125 28 21 99 32 14 17 49 92 113 56 85 49 67 38 46 43 23 31 39 111 50  8 50 14 52 17 57 61 24 15 
65 15 85 47 31 35 20  0 29 86 90 89  8 39 59 11 37 34 104  9  8 22 84 29 69 18 45 41 60 107  8 29 83 19 32 36 58 77 93 63 74 30 57 30 35 40 42 12 25 94 67 19 60 20 40 14 37 58  9 12 
54 21 92 52 16 21 34 29  0 69 61 75 26 32 59 39 66 26 106 28 26 39 56 36 69 11 68 30 87 101 26 20 105 13 34 41 37 62 90 39 101 32 33 59 14 69 43 26 52 116 58 40 84 44 67 17 47 29 20 38 
118 87 71 121 56 51 72 86 69  0 69 133 89 101 128 96 114 95 174 91 89 105 80 105 45 71 131 44 121 164 89 57 169 81 57 58 31 121 155 34 157 102 85 111 80 114 51 91 110 181 26 80 108 86 124 72 116 64 82 87 
74 79 130 95 65 64 91 90 61 69  0 78 86 73 95 100 127 71 132 88 86 96 15 87 101 72 125 68 147 113 86 70 158 72 83 89 52 70 109 43 160 82 43 120 58 130 87 85 112 168 81 98 141 104 127 77 97 32 81 99 
24 73 167 53 91 95 105 89 75 133 78  0 80 49 42 91 116 54 57 80 80 75 63 63 144 83 94 104 144 34 80 95 111 72 109 116 103 12 33 99 128 60 48 108 60 121 118 77 96 118 130 107 148 109 106 88 64 69 81 101 
56  7 93 39 33 38 28  8 26 89 86 80  0 30 50 14 41 26 96  2  0 16 79 21 76 18 43 45 67 98  0 32 80 14 38 44 60 68 85 64 75 21 51 34 29 46 48  3 26 92 72 28 68 29 41 17 29 54  7 20 
26 24 121 22 48 53 56 39 32 101 73 49 30  0 27 42 68  6 73 31 30 28 62 16 100 36 55 62 96 70 30 51 85 24 62 69 69 38 58 68 91 11 31 60 20 73 72 27 49 94 90 58 99 60 62 40 24 46 32 51 
23 47 144 13 75 80 79 59 59 128 95 42 50 27  0 58 77 33 46 50 50 40 81 29 126 62 52 89 107 48 50 77 71 50 88 94 96 36 34 96 86 30 52 70 47 83 98 47 58 78 117 78 114 78 66 65 25 71 55 69 
67 21 90 44 42 46 27 11 39 96 100 91 14 42 58  0 27 39 100 12 14 18 93 29 77 29 34 52 53 106 14 40 73 28 41 44 69 80 92 74 63 31 65 20 43 31 50 16 13 84 76 23 56 21 29 25 33 68 19 13 
92 49 88 64 65 68 42 37 66 114 127 116 41 68 77 27  0 65 113 40 41 40 121 53 84 55 33 72 29 125 41 61 65 55 56 57 91 105 111 97 43 56 93  8 71  5 63 43 19 75 91 34 39 28 17 50 52 95 46 28 
31 19 115 27 42 47 50 34 26 95 71 54 26  6 33 39 65  0 79 27 26 27 61 16 94 30 55 56 92 76 26 45 87 18 57 63 63 42 64 63 91 11 30 57 15 70 66 23 47 97 84 53 94 55 60 34 26 42 26 46 
58 93 189 57 121 126 124 104 106 174 132 57 96 73 46 100 113 79  0 95 96 82 117 75 172 108 81 135 142 29 96 123 77 96 134 140 142 62 24 141 105 76 93 107 93 119 144 93 96 78 164 122 152 121 98 111 67 114 101 113 
57  9 94 38 35 40 29  9 28 91 88 80  2 31 50 12 40 27 95  0  2 14 81 20 78 20 41 47 65 98  2 34 78 16 40 45 62 69 84 66 73 21 52 32 31 44 50  3 24 89 74 28 67 29 39 19 28 56  9 20 
56  7 93 39 33 38 28  8 26 89 86 80  0 30 50 14 41 26 96  2  0 16 79 21 76 18 43 45 67 98  0 32 80 14 38 44 60 68 85 64 75 21 51 34 29 46 48  3 26 92 72 28 68 29 41 17 29 54  7 20 
52 18 107 26 49 54 42 22 39 105 96 75 16 28 40 18 40 27 82 14 16  0 87 13 91 34 29 61 68 88 16 48 65 26 54 59 75 65 74 78 64 17 57 32 37 45 64 14 20 76 88 40 74 39 33 33 15 65 23 30 
60 72 135 83 64 64 89 84 56 80 15 63 79 62 81 93 121 61 117 81 79 87  0 77 107 67 116 70 143 98 79 69 147 65 84 90 58 55 93 50 151 72 31 113 50 124 89 78 105 156 87 95 139 100 120 73 86 28 74 94 
39 18 114 18 49 54 49 29 36 105 87 63 21 16 29 29 53 16 75 20 21 13 77  0 97 34 39 62 81 77 21 50 71 23 59 65 74 52 64 75 75  5 46 45 30 58 69 18 33 81 91 49 86 49 45 36 11 57 26 40 
123 79 28 115 53 49 50 69 69 45 101 144 76 100 126 77 84 94 172 78 76 91 107 97  0 64 110 40 82 170 76 49 147 76 38 32 49 131 158 58 128 96 98 84 83 82 28 79 88 159 21 54 67 59 98 61 106 82 71 64 
61 16 85 52 15 20 23 18 11 71 72 83 18 36 62 29 55 30 108 20 18 34 67 34 64  0 61 28 75 106 18 15 99 12 26 33 41 70 94 45 92 32 44 48 23 58 36 19 43 110 56 28 72 33 58  5 45 40 11 27 
72 47 119 40 76 80 61 45 68 131 125 94 43 55 52 34 33 55 81 41 43 29 116 39 110 61  0 86 60 96 43 74 38 55 76 78 103 86 82 107 36 44 85 29 67 38 84 42 22 49 111 55 72 51 16 59 31 94 50 46 
84 44 66 80 14  9 29 41 30 44 68 104 45 62 89 52 72 56 135 47 45 61 70 62 40 28 86  0 84 131 45 13 125 39 17 21 20 91 120 28 114 60 58 67 44 73 18 47 66 136 28 37 75 44 80 28 73 43 38 43 
120 74 77 93 82 84 56 60 87 121 147 144 67 96 107 53 29 92 142 65 67 68 143 81 82 75 60 84  0 154 67 77 85 79 67 64 104 133 140 112 55 84 117 36 95 23 69 69 48 94 95 48 17 42 43 70 81 115 69 48 
47 93 191 61 117 122 125 107 101 164 113 34 98 70 48 106 125 76 29 98 98 88 98 77 170 106 96 131 154  0 98 120 101 94 133 139 133 44 14 130 125 76 79 118 87 131 142 95 106 104 159 126 162 126 112 110 73 101 101 117 
56  7 93 39 33 38 28  8 26 89 86 80  0 30 50 14 41 26 96  2  0 16 79 21 76 18 43 45 67 98  0 32 80 14 38 44 60 68 85 64 75 21 51 34 29 46 48  3 26 92 72 28 68 29 41 17 29 54  7 20 
74 31 72 67  5  7 21 29 20 57 70 95 32 51 77 40 61 45 123 34 32 48 69 50 49 15 74 13 77 120 32  0 112 27 14 22 29 82 109 36 102 48 52 56 34 63 22 34 53 123 40 29 70 35 68 15 60 41 25 32 
94 84 154 64 113 118 99 83 105 169 158 111 80 85 71 73 65 87 77 78 80 65 147 71 147 99 38 125 85 101 80 112  0 91 114 116 141 107 88 144 32 76 116 63 101 69 122 79 60 11 149 93 100 88 49 97 60 129 87 84 
49  7 96 40 25 31 32 19 13 81 72 72 14 24 50 28 55 18 96 16 14 26 65 23 76 12 55 39 79 94 14 27 91  0 38 45 50 60 82 53 88 20 38 48 16 59 48 13 40 102 67 36 79 39 55 15 34 40 10 31 
87 41 58 77 20 19 14 32 34 57 83 109 38 62 88 41 56 57 134 40 38 54 84 59 38 26 76 17 67 133 38 14 114 38  0  7 37 96 120 45 100 58 67 53 48 57 10 41 54 125 35 22 58 28 67 23 68 56 33 30 
94 47 51 83 27 25 17 36 41 58 89 116 44 69 94 44 57 63 140 45 44 59 90 65 32 33 78 21 64 139 44 22 116 45  7  0 41 103 127 49 100 64 74 54 55 56  6 47 56 128 34 23 54 29 68 29 73 62 39 32 
86 57 77 89 27 22 49 58 37 31 52 103 60 69 96 69 91 63 142 62 60 75 58 74 49 41 103 20 104 133 60 29 141 50 37 41  0 91 123  8 132 70 55 86 48 92 36 61 83 152 30 57 95 64 98 43 85 35 53 62 
13 61 155 45 78 82 92 77 62 121 70 12 68 38 36 80 105 42 62 69 68 65 55 52 131 70 86 91 133 44 68 82 107 60 96 103 91  0 38 87 121 49 36 97 48 111 105 65 85 114 118 95 137 97 97 75 55 57 69 89 
37 80 178 47 106 111 113 93 90 155 109 33 85 58 34 92 111 64 24 84 85 74 93 64 158 94 82 120 140 14 85 109 88 82 120 127 123 38  0 121 112 63 71 104 76 117 130 82 92 93 148 113 148 113 97 98 59 93 88 104 
84 60 86 90 32 28 56 63 39 34 43 99 64 68 96 74 97 63 141 66 64 78 50 75 58 45 107 28 112 130 64 36 144 53 45 49  8 87 121  0 137 71 51 92 48 99 45 65 88 155 37 64 103 71 103 48 87 30 57 68 
107 81 129 75 105 109 85 74 101 157 160 128 75 91 86 63 43 91 105 73 75 64 151 75 128 92 36 114 55 125 75 102 32 88 100 100 132 121 112 137  0 80 121 46 102 45 107 75 49 40 134 77 72 71 34 89 67 129 81 70 
36 17 114 19 46 51 49 30 32 102 82 60 21 11 30 31 56 11 76 21 21 17 72  5 96 32 44 60 84 76 21 48 76 20 58 64 70 49 63 71 80  0 41 48 25 62 68 18 37 86 88 49 88 50 50 35 15 52 25 41 
34 43 124 52 46 50 67 57 33 85 43 48 51 31 52 65 93 30 93 52 51 57 31 46 98 44 85 58 117 79 51 52 116 38 67 74 55 36 71 51 121 41  0 85 21 97 74 49 75 126 83 72 116 76 90 50 55 21 48 69 
84 41 90 56 60 63 38 30 59 111 120 108 34 60 70 20  8 57 107 32 34 32 113 45 84 48 29 67 36 118 34 56 63 48 53 54 86 97 104 92 46 48 85  0 63 13 60 35 12 75 88 31 44 25 14 44 44 88 39 23 
40 22 107 42 30 35 46 35 14 80 58 60 29 20 47 43 71 15 93 31 29 37 50 30 83 23 67 44 95 87 29 34 101 16 48 55 48 48 76 48 102 25 21 63  0 75 57 28 55 112 72 51 95 54 70 29 41 27 26 47 
97 53 85 70 67 70 43 40 69 114 130 121 46 73 83 31  5 70 119 44 46 45 124 58 82 58 38 73 23 131 46 63 69 59 57 56 92 111 117 99 45 62 97 13 75  0 62 48 25 79 90 35 33 28 22 53 58 98 49 31 
97 51 49 87 27 24 23 42 43 51 87 118 48 72 98 50 63 66 144 50 48 64 89 69 28 36 84 18 69 142 48 22 122 48 10  6 36 105 130 45 107 68 74 60 57 62  0 51 62 134 27 29 59 35 75 33 78 61 43 38 
53  6 96 36 34 40 31 12 26 91 85 77  3 27 47 16 43 23 93  3  3 14 78 18 79 19 42 47 69 95  3 34 79 13 41 47 61 65 82 65 75 18 49 35 28 48 51  0 27 90 74 31 71 32 42 19 26 53  8 23 
72 33 98 44 56 60 39 25 52 110 112 96 26 49 58 13 19 47 96 24 26 20 105 33 88 43 22 66 48 106 26 53 60 40 54 56 83 85 92 88 49 37 75 12 55 25 62 27  0 71 89 33 56 29 15 39 32 80 32 23 
102 95 164 73 125 130 111 94 116 181 168 118 92 94 78 84 75 97 78 89 92 76 156 81 159 110 49 136 94 104 92 123 11 102 125 128 152 114 93 155 40 86 126 75 112 79 134 90 71  0 161 104 110 99 60 108 71 139 99 95 
112 72 49 108 42 37 50 67 58 26 81 130 72 90 117 76 91 84 164 74 72 88 87 91 21 56 111 28 95 159 72 40 149 67 35 34 30 118 148 37 134 88 83 88 72 90 27 74 89 161  0 57 82 63 102 55 101 64 65 65 
84 34 67 66 34 36  8 19 40 80 98 107 28 58 78 23 34 53 122 28 28 40 95 49 54 28 55 37 48 126 28 29 93 36 22 23 57 95 113 64 77 49 72 31 51 35 29 31 33 104 57  0 44  6 45 22 55 68 26 10 
124 75 59 100 76 77 50 60 84 108 141 148 68 99 114 56 39 94 152 67 68 74 139 86 67 72 72 75 17 162 68 70 100 79 58 54 95 137 148 103 72 88 116 44 95 33 59 71 56 110 82 44  0 40 55 67 88 111 69 48 
86 36 69 65 40 42 14 20 44 86 104 109 29 60 78 21 28 55 121 29 29 39 100 49 59 33 51 44 42 126 29 35 88 39 28 29 64 97 113 71 71 50 76 25 54 28 35 32 29 99 63  6 40  0 40 27 54 73 29  8 
83 48 105 53 71 75 52 40 67 124 127 106 41 62 66 29 17 60 98 39 41 33 120 45 98 58 16 80 43 112 41 68 49 55 67 68 98 97 97 103 34 50 90 14 70 22 75 42 15 60 102 45 55 40  0 55 41 96 47 36 
65 18 80 54 16 21 17 14 17 72 77 88 17 40 65 25 50 34 111 19 17 33 73 36 61  5 59 28 70 110 17 15 97 15 23 29 43 75 98 48 89 35 50 44 29 53 33 19 39 108 55 22 67 27 55  0 46 45 10 22 
41 28 122 12 59 65 57 37 47 116 97 64 29 24 25 33 52 26 67 28 29 15 86 11 106 45 31 73 81 73 29 60 60 34 68 73 85 55 59 87 67 15 55 44 41 58 78 26 32 71 101 55 88 54 41 46  0 68 35 45 
56 47 109 68 35 37 61 58 29 64 32 69 54 46 71 68 95 42 114 56 54 65 28 57 82 40 94 43 115 101 54 41 129 40 56 62 35 57 93 30 129 52 21 88 27 98 61 53 80 139 64 68 111 73 96 45 68  0 49 67 
58  8 89 44 26 31 24  9 20 82 81 81  7 32 55 19 46 26 101  9  7 23 74 26 71 11 50 38 69 101  7 25 87 10 33 39 53 69 88 57 81 25 48 39 26 49 43  8 32 99 65 26 69 29 47 10 35 49  0 21 
77 27 77 57 36 40 15 12 38 87 99 101 20 51 69 13 28 46 113 20 20 30 94 40 64 27 46 43 48 117 20 32 84 31 30 32 62 89 104 68 70 41 69 23 47 31 38 23 23 95 65 10 48  8 36 22 45 67 21  0 

 0  7 4524  0 4286 23540 3669  0  0 22861  0 20433  0  0  0  3  0  4  0 81 1746  0 19885  0  0 12 119 10  7  0  0  0 15172  0  0 2997  0  0  0  4 38549 11  2  0  0 5109 826 286  0 26 10539 176  0  0 11689  0  0  9 21466 123 
 7  0  6  0  6 42808 438 8395 17346  0  0  0 21  0 121  0 946  0  0 230 610  0  0  0  0  0  0  0  0  0  0  0 76  0 55  5  0  2  0  0 13715 673  8  0 17  0  0  0 81  2  0 69064 1597 73  0  0  0 10  0  0 
4524  6  0  0  0 195  0 9204 1242 10935  4 10801  0  0 195 849  0  0  0  0  0 653 1100  0  6  0  0  0  0  1  0  0  0  0 1490 338 71168  0 2296  0  0 8438  0  1 86 117  0 14  0 204 5230 23407  0 339  8  0  4  0  0 165 
 0  0  0  0 21  0  0 16  0 34 2296  0  0  2  0 17 903  0 3214 2661 629  0 9440  0  0  0 760  0 1484  0 880 28285  1 107  0  0  1  2  0 43  0 25  0 39637  0  0 10 1104  0  0 3135 62535  0  3 19986  0  0  3 28  0 
4286  6  0 21  0  0  0 55640  0  0  0 15604 48 550  0  0  0 19673 98817  0  0  0 216  0  3  0  0 287  1 15  0 11286  6 24  0  0 22  2 385 180  0 62  9  0 104  0  0  0  2  0 795  3 66344  0 139 80  0 17  0  0 
23540 42808 195  0  0  0  0  0 1862  2 275  0  0 1159  0  0  0  0 54055  0  0  1 95  2 94733 16776  0  0  0  1 1822  0  0 22203  3  0  0 62  0  0 11620  0 14443  2 56 21379  0  1  0  0 3939  1  0  0 268  0  0 3339  0 8066 
3669 438  0  0  0  0  0 570 58  0  6  0 8487 56  2  8 71  2 3800 1082 31  1  0 11  0  0  1  0 1160  0  2 78271  2  0  7  0 64  3  0  0  7 132 60073  0 3248  0 116  0  1  0 48  0  0  1  0  0 313 1059  0  0 
 0 8395 9204 16 55640  0 570  0  0 12 41691  0  0 40590  8 53525  0 111  0 7264 152 150  0  0  0  0 642  0  0  0  0  0  0 32099 35568  0  0 6317 231 12341 76  4  3  0  0  0  0 292  0 16481  0  0 3609 48 698  0  0 146  2  0 
 0 17346 1242  0  0 1862 58  0  0  0  0  0  0  0 103 22994  0  0 22  0 764 6403 1120  2  0 3344  0  0 37605  0  0  0 6601  0  0  0  0  0 21  4 477 2076  0  0  0  2  2 84  2 46490  0 231  0 1540 14 555  6 89  0  0 
22861  0 10935 34  0  2  0 12  0  0 9927 20857 42750  0  8 11  0  0  2  0  0  0 57417  0 3086 25 400  0 6118 774  2  0 8827  0 12  0  0  0  0  0 242  0 10370  0  0  3  0  0  5  0 822  0 975  0  0 68117  0  0  0  0 
 0  0  4 2296  0 275  6 41691  0 9927  0 71  3  5  0  0  3 2589 11  0 1558 37911  0  0 324 22  0 220  0  0  3  5  0 1421  0  0 1029  4 125  0 8013  0  0 159 96 554  2  0  0  0 21887 54098  0 226  0  0  0 27  0 29802 
20433  0 10801  0 15604  0  0  0  0 20857 71  0  0 821  0 93 21  0  0  0 24  0  0 1536  2  0  0 20126  0  0  0  0  1 169 91  2  0  1 10  3  0  0  0  0 3864 2938  3  0  0 255 16571 7010  0  0 1662  0  0  0 26781 13 
 0 21  0  0 48  0 8487  0  0 42750  3  0  0 12 237  0  0  0  0  0 87  1 4565  0  0 49617  0 115 2503  0  0 19  0  0 942  0  0  0  0  0 75700 26053 548 70 321  0 27900  0  0 136  0  0  0  0  0 109 46  0 93  0 
 0  0  0  2 550 1159 56 40590  0  0  5 821 12  0  0  0 363  0 212  4  0  1 54  0  0  0  4 188  0  0  2  2  0  8 72  0  0  0  0  0  0 6569 99  0 559 37 369  0 32  0  0  0 137  0  0 2132 38196  3  0  2 
 0 121 195  0  0  0  2  8 103  8  0  0 237  0  0 75 73424 38466  0 5844 11 184  0  0 88832  0  0 70113 88047  1 8211  0 3743  0  0  0  0  0  0  0 525  0 108  0  0 1472  0  0  0  0 1236 44997  0 315 1032  0  5  0 728 1025 
 3  0 849 17  0  0  8 53525 22994 11  0 93  0  0 75  0  0  0  0  0 1116  0  0  0  0  0 129 10069  0  1 15346 42 56118  0 5277  0 984 19590 50235  0 3495  0  0  0  0  0 5158 11490 3309  0 853  0 7964  0  0  0 23038  0 71  0 
 0 946  0 903  0  0 71  0  0  0  3 21  0 363 73424  0  0  0 4219  0 452 34  0  0  0  0  0 965 74577 39  0  3 655 275 873  0  0  0 1989  0 971 238 661 41 31812 1567  0  0  0  0  0  1 27  0 514 232  0 29940 8605  0 
 4  0  0  0 19673  0  2 111  0  0 2589  0  0  0 38466  0  0  0 12  0 17 1043 54535  0  0 246 45  0  0  0  0 519 57405  0  0  0  0 140 138 95054  0  0 173  0  0  0  0 114  0  0 937  2 55259  0  0 113 9796 2486  0  0 
 0  0  0 3214 98817 54055 3800  0 22  2 11  0  0 212  0  0 4219 12  0 62422  0  0  0 4655  0 613 1938  0 8787  0 1949  1  2 600  1  0  0  0  0  9  2  0 39705  0  3  0  0  0  4  1  0  2  0 21338  0  0  0  1 2530 96011 
81 230  0 2661  0  0 1082 7264  0  0  0  0  0  4 5844  0  0  0 62422  0 4233  0  0  0 1578 5552 5248 21 35 14804 152 72  0  0  0  0 40693  0 64  0 175  0 84908  0 20 32037  0 1398 4935  0  0 57  0 285  0  0  0 58574  0 5605 
1746 610  0 629  0  0 31 152 764  0 1558 24 87  0 11 1116 452 17  0 4233  0  0  0  0  3  0  0  0 598 244  0  0  0  0  0 17517 12281 114 1639 30  0  0  0 8314 64  0  6  0 134 11995  8  0  0  0 14960  0  0  0  0  0 
 0  0 653  0  0  1  1 150 6403  0 37911  0  1  1 184  0 34 1043  0  0  0  0 32  0 9267  0  0 163 31415 2129 85  0 81 136  0  0  0 753  0  1  0  1 8098 70348 14  0 652  0  4 13 7682  1 67  0  0  0 43164 204 92  0 
19885  0 1100 9440 216 95  0  0 1120 57417  0  0 4565 54  0  0  0 54535  0  0  0 32  0  2  1  2 50782  0  0 9860  0  0 50  0  0  0  0 175  0  0  0  0  0  0  1  0  0  3 16 2096  0  0  0 57491 16977  0 17812 349  0  0 
 0  0  0  0  0  2 11  0  2  0  0 1536  0  0  0  0  0  0 4655  0  0  0  2  0  0 13199 481  9 30741  0 1308  0  0 559  8  0  0  0  0  0  0  0  0  1  0  1  0 41  0  2  0  0  0 87250  0 1001 52  0 95 3991 
 0  0  6  0  3 94733  0  0  0 3086 324  2  0  0 88832  0  0  0  0 1578  3 9267  1  0  0 46  0  0  9  1  0  0 53712  0 55  0 854  0 459  1  0 70336  0  0  0 166  0 1697  0  0  0  0 2249 12013  0  1  1  0  0  0 
12  0  0  0  0 16776  0  0 3344 25 22  0 49617  0  0  0  0 246 613 5552  0  0  2 13199 46  0  6  0 12  0  0  0 15  0  0  0 21  1  3 19854 14  0 196 2372  0  0 339  0  0 4111 1137 47 2052  0 2265 144 18  0 491  4 
119  0  0 760  0  0  1 642  0 400  0  0  0  4  0 129  0 45 1938 5248  0  0 50782 481  0  6  0  0 13438 27640  1  0 54417  1 10398  0  0  0  0  0  2  0 6633 3373 156  0  0  0 225  0  0  0  0 3897  0 14781  0  0  0  0 
10  0  0  0 287  0  0  0  0  0 220 20126 115 188 70113 10069 965  0  0 21  0 163  0  9  0  0  0  0  0 5376  0 62378 289  0  0  0  0  0  0  0  0 825 7018  0  0  0 67  0  0  0 7289 1923  4  0  0  0 6335 360  0 797 
 7  0  0 1484  1  0 1160  0 37605 6118  0  0 2503  0 88047  0 74577  0 8787 35 598 31415  0 30741  9 12 13438  0  0  0  0 22 1766  0  0  4  0  0 28003 114  0  0 1200 18700  0  2  6  0 509 89811  0  0  6  1 33807  0  0  0  0  0 
 0  0  1  0 15  1  0  0  0 774  0  0  0  0  1  1 39  0  0 14804 244 2129 9860  0  1  0 27640 5376  0  0  0  0  0  0 1102  0  3  0 73714  0 27  0  7  0  0  0  0  0 98  0  0  0  0  0  0  0  6 36215  0  0 
 0  0  0 880  0 1822  2  0  0  2  3  0  0  2 8211 15346  0  0 1949 152  0 85  0 1308  0  0  1  0  0  0  0  0 49 20 44148  0 144  0  0 61 10  7  0 246  1  0 128 60  0 66  2  0  0  0  3 11055  0  0  0  0 
 0  0  0 28285 11286  0 78271  0  0  0  5  0 19  2  0 42  3 519  1 72  0  0  0  0  0  0  0 62378 22  0  0  0 196  0  4 33685  2  0 47749 45  0  0  0  9 13571 1552  0 3047  2  0 120 38739  2  0  0  0 4097 5992  8  3 
15172 76  0  1  6  0  2  0 6601 8827  0  1  0  0 3743 56118 655 57405  2  0  0 81 50  0 53712 15 54417 289 1766  0 49 196  0  4 15425 2434 93987 56 1096  0  0 174  0  2 9384  0  0 61627  3  2 1647  0  6  0  0  0  0  0  0 28641 
 0  0  0 107 24 22203  0 32099  0  0 1421 169  0  8  0  0 275  0 600  0  0 136  0 559  0  0  1  0  0  0 20  0  4  0  0  0  0  9  0 13 2996  0 312  0 6171 14423 385 6868  0  0  1 16962  0  0  0  0 275 4292  4 29 
 0 55 1490  0  0  3  7 35568  0 12  0 91 942 72  0 5277 873  0  1  0  0  0  0  8 55  0 10398  0  0 1102 44148  4 15425  0  0  0  0  0 2502  0  0 34 154 2219  0 67  0 138 46 3876  0  0  0  0  0  0 144  3 24528 106 
2997  5 338  0  0  0  0  0  0  0  0  2  0  0  0  0  0  0  0  0 17517  0  0  0  0  0  0  0  4  0  0 33685 2434  0  0  0  0  0  0 7120  0 4863 25556 31 34864  0  0  0  0  1  0  0  1  1 136 249  0  0  0  0 
 0  0 71168  1 22  0 64  0  0  0 1029  0  0  0  0 984  0  0  0 40693 12281  0  0  0 854 21  0  0  0  3 144  2 93987  0  0  0  0 11943 2547 11289 10 3056 885  0  6 49 4045  1  0  0 18  0  0  0  0  0 23  1 121  3 
 0  2  0  2  2 62  3 6317  0  0  4  1  0  0  0 19590  0 140  0  0 114 753 175  0  0  1  0  0  0  0  0  0 56  9  0  0 11943  0  0  0 1500 39263  0  5 44117 9584  0 5986 15188 91452 9193  0  0 20104 85991 8097  0  2 52  0 
 0  0 2296  0 385  0  0 231 21  0 125 10  0  0  0 50235 1989 138  0 64 1639  0  0  0 459  3  0  0 28003 73714  0 47749 1096  0 2502  0 2547  0  0  0  0  2 189 494  4  0  0  0  0 48180  0 4340  0  0  0 327 11097  0  0  0 
 4  0  0 43 180  0  0 12341  4  0  0  3  0  0  0  0  0 95054  9  0 30  1  0  0  1 19854  0  0 114  0 61 45  0 13  0 7120 11289  0  0  0 830 31724  0  0  0  0  0 8089 49  0 721  0  0 297  0  1 875 117  0  1 
38549 13715  0  0  0 11620  7 76 477 242 8013  0 75700  0 525 3495 971  0  2 175  0  0  0  0  0 14  2  0  0 27 10  0  0 2996  0  0 10 1500  0 830  0  0 38445 33 48039  0  0  1 18  0 994  2  1  0 57  0  0  0  0  9 
11 673 8438 25 62  0 132  4 2076  0  0  0 26053 6569  0  0 238  0  0  0  0  1  0  0 70336  0  0 825  0  0  7  0 174  0 34 4863 3056 39263  2 31724  0  0  0  6  1  4 672 527 69626 160 90171  0 53038 18  0  0 30 8601  0 109 
 2  8  0  0  9 14443 60073  3  0 10370  0  0 548 99 108  0 661 173 39705 84908  0 8098  0  0  0 196 6633 7018 1200  7  0  0  0 312 154 25556 885  0 189  0 38445  0  0 4807  0 50 70092  4 33784 56544 46  0 37435 62784  0  0 49068  0 341  0 
 0  0  1 39637  0  2  0  0  0  0 159  0 70  0  0  0 41  0  0  0 8314 70348  0  1  0 2372 3373  0 18700  0 246  9  2  0 2219 31  0  5 494  0 33  6 4807  0  0  0 26814  0 108  0  8  0  0  0  0  0  0 70974  0 22399 
 0 17 86  0 104 56 3248  0  0  0 96 3864 321 559  0  0 31812  0  3 20 64 14  1  0  0  0 156  0  0  0  1 13571 9384 6171  0 34864  6 44117  4  0 48039  1  0  0  0  0  0 1315 93568 12 794  0  3 7733  0 246  0 7225 1229  0 
5109  0 117  0  0 21379  0  0  2  3 554 2938  0 37 1472  0 1567  0  0 32037  0  0  0  1 166  0  0  0  2  0  0 1552  0 14423 67  0 49 9584  0  0  0  4 50  0  0  0  0 10547 22341  0  0  1  0  0 792  4 3618  0  0  0 
826  0  0 10  0  0 116  0  2  0  2  3 27900 369  0 5158  0  0  0  0  6 652  0  0  0 339  0 67  6  0 128  0  0 385  0  0 4045  0  0  0  0 672 70092 26814  0  0  0 1244  0 16693 665 25458 14543 20  0 19982  0  0  0  1 
286  0 14 1104  0  1  0 292 84  0  0  0  0  0  0 11490  0 114  0 1398  0  0  3 41 1697  0  0  0  0  0 60 3047 61627 6868 138  0  1 5986  0 8089  1 527  4  0 1315 10547 1244  0 555  0 311 175  7  0  0 5484  0  0  0  0 
 0 81  0  0  2  0  1  0  2  5  0  0  0 32  0 3309  0  0  4 4935 134  4 16  0  0  0 225  0 509 98  0  2  3  0 46  0  0 15188  0 49 18 69626 33784 108 93568 22341  0 555  0  0  0  0  1  0  0 126 7798  0  0 64416 
26  2 204  0  0  0  0 16481 46490  0  0 255 136  0  0  0  0  0  1  0 11995 13 2096  2  0 4111  0  0 89811  0 66  0  2  0 3876  1  0 91452 48180  0  0 160 56544  0 12  0 16693  0  0  0 626  0  0 52  0  0  9  3  0  0 
10539  0 5230 3135 795 3939 48  0  0 822 21887 16571  0  0 1236 853  0 937  0  0  8 7682  0  0  0 1137  0 7289  0  0  2 120 1647  1  0  0 18 9193  0 721 994 90171 46  8 794  0 665 311  0 626  0  0 3084  0 90318  1 25  0  0  0 
176 69064 23407 62535  3  1  0  0 231  0 54098 7010  0  0 44997  0  1  2  2 57  0  1  0  0  0 47  0 1923  0  0  0 38739  0 16962  0  0  0  0 4340  0  2  0  0  0  0  1 25458 175  0  0  0  0  0  0  0  0 192  0  1  2 
 0 1597  0  0 66344  0  0 3609  0 975  0  0  0 137  0 7964 27 55259  0  0  0 67  0  0 2249 2052  0  4  6  0  0  2  6  0  0  1  0  0  0  0  1 53038 37435  0  3  0 14543  7  1  0 3084  0  0  3 225 35  2 61984  0 95050 
 0 73 339  3  0  0  1 48 1540  0 226  0  0  0 315  0  0  0 21338 285  0  0 57491 87250 12013  0 3897  0  1  0  0  0  0  0  0  1  0 20104  0 297  0 18 62784  0 7733  0 20  0  0 52  0  0  3  0  0  0  0 24 2750 55 
11689  0  8 19986 139 268  0 698 14  0  0 1662  0  0 1032  0 514  0  0  0 14960  0 16977  0  0 2265  0  0 33807  0  3  0  0  0  0 136  0 85991  0  0 57  0  0  0  0 792  0  0  0  0 90318  0 225  0  0  0 8546  0  0 21 
 0  0  0  0 80  0  0  0 555 68117  0  0 109 2132  0  0 232 113  0  0  0  0  0 1001  1 144 14781  0  0  0 11055  0  0  0  0 249  0 8097 327  1  0  0  0  0 246  4 19982 5484 126  0  1  0 35  0  0  0 3035  0 94 21495 
 0  0  4  0  0  0 313  0  6  0  0  0 46 38196  5 23038  0 9796  0  0  0 43164 17812 52  1 18  0 6335  0  6  0 4097  0 275 144  0 23  0 11097 875  0 30 49068  0  0 3618  0  0 7798  9 25 192  2  0 8546 3035  0  0  0  0 
 9 10  0  3 17 3339 1059 146 89  0 27  0  0  3  0  0 29940 2486  1 58574  0 204 349  0  0  0  0 360  0 36215  0 5992  0 4292  3  0  1  2  0 117  0 8601  0 70974 7225  0  0  0  0  3  0  0 61984 24  0  0  0  0 49 321 
21466  0  0 28  0  0  0  2  0  0  0 26781 93  0 728 71 8605  0 2530  0  0 92  0 95  0 491  0  0  0  0  0  8  0  4 24528  0 121 52  0  0  0  0 341  0 1229  0  0  0  0  0  0  1  0 2750  0 94  0 49  0  0 
123  0 165  0  0 8066  0  0  0  0 29802 13  0  2 1025  0  0  0 96011 5605  0  0  0 3991  0  4  0 797  0  0  0  3 28641 29 106  0  3  0  0  1  9 109  0 22399  0  0  1  0 64416  0  0  2 95050 55 21 21495  0 321  0  0 

 0 62820  3  0 86433 12720 109  0 15  0 15  0  0  0 955  2  0  4 45 12 297  0 1684  0 2486 18 10166  0  2 6710 39793  0 12944 11  9 181  0  0  0  0  2  0 13449  0  0 6234  6  0  0  0  0 79 459  0  0  0  0 11086 1905  0 
62820  0 455  0 22530 105  0  0 22426  0 62 267  0  0  0 98072  0 686  0 1566  0 37331  0 977 49 4529  0  0  0  0 86626  2  0  0 154 22 2661  0  0  3  0 8835  0 16561  0  0  0  0  0  0  0  3 128 29  9  2  0 98139  2  0 
 3 455  0  0 45  0  0 26 507  0 1442 165 76888 68190  0  0  0  0  0 89722 2384  0  0  0 402  0 152 54  0 3491  0 30696 2755 47 5991  0  0 11887  1  6 123 74  0  0  2  0  0 14990  0  0 5227  0 68725 257 6359  0 60427  0  0  0 
 0  0  0  0 84760  3  2  0  0  1  0  0  3  0  0  0  1 582 1352  0 499 33015  0 81  0 33 23 16 20228  0 13039  0  0  1  2 19  0 4852  0 3513  0 8676 22542 3852 22  0 52323 7040  0  0 27129  1  2  0 198 6471  0 10  0  0 
86433 22530 45 84760  0  1  0 13384  0  0  0 410  0  5 12958  0  0  0  0  0 75333  0  0  0  0  0  0  0 50692  0  9 3540  0 10  0 4542  0  0  0  0  0  0  0  1 173 1130  0  1  5 115  0 71831  1  7 5705  1 4253 594 70  3 
12720 105  0  3  1  0 33  3 94  2 39369  0 257 47634  3  0  0 7400  0  0  0 15 97  0 508  0 5218  0  0  0  0  0 1299 15 49762  0  0 4793  0  0  0 153  0 60 218  0 211 95367  0  4 15832 11062  0  0  0  5 69 11 67  7 
109  0  0  2  0 33  0 6116  0  0 33  0 388 9436 23  0  0 645  0 142 14 926  0 29 4505  0  0 18  0 32 29959  0  0  0 80421 516 5193 143 16956  1  0  6 39 24  0 25810 51 2160  0  0  0 353  0  0 272  0 14451 23914  0  0 
 0  0 26  0 13384  3 6116  0  0  0  0 34559 4217 12452  0  7  2  0 13937  0  2  0  0  0  0  0 2261  0 641  0  0  0 477  0  0  0  0  4  0 3139  0  0  0 844  6 48  0  0 17  0  3 1477 633  0 128  0 71  6 923  1 
15 22426 507  0  0 94  0  0  0 2123  0  1 19965  0 67359 146 27117  0  0  0  2  1  0  6  0  0 18  0 26183 16053 276 229 3106  0  0  5  0 6275  8  0  0  0 4136 2402  0  0 16  0 5363  5  0  1  0  0  0 574  0 38332 34442  0 
 0  0  0  1  0  2  0  0 2123  0  9  0 112  0  0  0 95  0  0 4984  0  0 488 62541  0  0 8897  0 2302  0 22 2112  0 450 8757  0  0 661 3941 92362 15815 3713  0 113  0 77587  0  5 1382  0 3717  0  0  0  0  0  0  0 3539  0 
15 62 1442  0  0 39369 33  0  0  9  0  2  0  0 61405  0 42  0  0  0  0 295  0  0 17044 99915  0  0 5188  0  0  0  0 10  0  0  0  0  0  5 66762  0  4 51  0  0  0 125  4  0  0 1376  0  0  0  0  0 19 1665  0 
 0 267 165  0 410  0  0 34559  1  0  2  0  0  0 5528  0  0  0 1207  0 8582  0 486  3 60608 562 7346  0  0  0 128  0  0  0  0  0 16109 2267 23 15582  0  0 3701  2  0  0  2 10  5 294  0  1 1608  0  0 61 42 1124 4658 140 
 0  0 76888  3  0 257 388 4217 19965 112  0  0  0  0  0  0 34  6  1  1 59283 19870 1400 32  0  0  0  0  0 26 38566  0 216  0  9  0  0 54 56035 633 339 790 2036  0 139 16271  0 688  0  0 1343 1967 774 48  0  0 2892 140 42  0 
 0  0 68190  0  5 47634 9436 12452  0  0  0  0  0  0  0  0 1114  0  0  0  0  0 10505  0  0  0  0 381  0 14 2087 73419  1  0 25  0 114 38291  0 36  1 15374 45968  0  0  0 2021 29712 1436  0 85  0  0  0  0  0  0  0 113 20 
955  0  0  0 12958  3 23  0 67359  0 61405 5528  0  0  0 85 201 299  0  1  2  0  0 113  8  0  7 76965  0 45956  0  0 11  0 42525  0  0  0 2223  0  0  0  0  4 10445  0 6003  0  0 10 474 8321  0  0 1730  0  1  0  0  0 
 2 98072  0  0  0  0  0  7 146  0  0  0  0  0 85  0 35877  0  0 31041 7723  0 3668 2382  0 49 12 2997 35013 33  0  0  0 6588  0 27590 515  0 4447  0 162  0 6178  0 17101 1257 45701 14 233  0  0  0 798  0  0 5277 68  0 31546  0 
 0  0  0  1  0  0  0  2 27117 95 42  0 34 1114 201 35877  0 39 119  0 1959 522 53759  3 10330  0  0  0  0  0 14336 24  0 405  0 128 47 82  0  0  0 14  0 1892  0 1380  0 210  0 3300  0  0 20 275  0  1 85880 10398  0  0 
 4 686  0 582  0 7400 645  0  0  0  0  0  6  0 299  0 39  0 30  0 18777  8 74409  0  1 65019  0  0 1990  2  0  0  0  0  0  0  0 55  0 2019  0  0  6  0  0 25288  5 857  0  0 19227  0  4 1472  0  0  0  0 59078 8884 
45  0  0 1352  0  0  0 13937  0  0  0 1207  1  0  0  0 119 30  0  0 570  0 16  0  0  1 3153  0  0  0 1471 1350 255  1 73  6  0 181 77  0  0 952  0  0 11  0 205 363  0 610  0  0  0  0  3  0  0  0 62  0 
12 1566 89722  0  0  0 142  0  0 4984  0  0  1  0  1 31041  0  0  0  0  0  0 5653 11  0  0  0  0  0  0 3928  0 41  0 170  0  0  0  0 29  2  1  0  0 2988  0  0 156 282 32  0  0  0  0 2096  0  0 8393 135 1592 
297  0 2384 499 75333  0 14  2  2  0  0 8582 59283  0  2 7723 1959 18777 570  0  0 90 8292  0 23  0 11 11891  1 824  1 1505  0  0 16  0  0  0 33  0  0  0 38637  0  0  0 5986  2  0  0  0 41 21  0  0  0  0 49095  3  0 
 0 37331  0 33015  0 15 926  0  1  0 295  0 19870  0  0  0 522  8  0  0 90  0  0 13  0 314 91601 56361 29229  0  0  0  0  0 165 290 44  0  0  0  0  0  0 946 13  0  0  0  0 83209  0 21295  0 2822 28939  0 629  0  0  0 
1684  0  0  0  0 97  0  0  0 488  0 486 1400 10505  0 3668 53759 74409 16 5653 8292  0  0  0  3  0 1540 14129  0 24103  1 4043  1  0 3204  0  0 12901 2890 1086  0 32  0  0  0 167 13  0  0 24338  0 3255 7318 50  0  1  3  0 153  0 
 0 977  0 81  0  0 29  0  6 62541  0  3 32  0 113 2382  3  0  0 11  0 13  0  0 63 36068 744  0 26607  0  0  0  0  0  0  0 1123  0 13  0  1  0  0 45303  2  0  0 24887  3 3781  1  0 1096  0 5750 4663  0  0  1  0 
2486 49 402  0  0 508 4505  0  0  0 17044 60608  0  0  8  0 10330  1  0  0 23  0  3 63  0  0  0  0 13357 56107  0  0  0 66  0  0 1324  0 19467  0  0  0  0 793  0  0  0  0 567  0  0 26032 1629 89  0 3339  0 16172  3 12766 
18 4529  0 33  0  0  0  0  0  0 99915 562  0  0  0 49  0 65019  1  0  0 314  0 36068  0  0  0 75 20602  0 41  2  0  0  0  0  0  1  0 25 1002  0  0 24017 3946 186  0 1091  5  0  0  0 94  0  0  0  0  0  4  0 
10166  0 152 23  0 5218  0 2261 18 8897  0 7346  0  0  7 12  0  0 3153  0 11 91601 1540 744  0  0  0 534  0 1622  0 5418  0 67  0  0  0  0  1  0  0  0 1430 10649  0  0  0  0  0  0 14  8  0  0 73172  1  0  0  2  0 
 0  0 54 16  0  0 18  0  0  0  0  0  0 381 76965 2997  0  0  0  0 11891 56361 14129  0  0 75 534  0 52 35791  0  0 63613  0  3  0  0 44  9  0 46  0  0 1058  0  0  0  0 1595 761  1  0 91 419 1589 84 626  0 287  0 
 2  0  0 20228 50692  0  0 641 26183 2302 5188  0  0  0  0 35013  0 1990  0  0  1 29229  0 26607 13357 20602  0 52  0 8713  0 57656 2372  0 343  0 71346  0 23825 16376 39480  0  6 9623  0  0  2 7225  0  0 12011  0 43 38 23  0  1 1061 2141 137 
6710  0 3491  0  0  0 32  0 16053  0  0  0 26 14 45956 33  0  2  0  0 824  0 24103  0 56107  0 1622 35791 8713  0 35891  0  4 21370 2220  0  2 1653 16 1927  4  0 54375  0  0  0  0  0 74  0  0  0 14297  0  8 305 53715  0  0 8400 
39793 86626  0 13039  9  0 29959  0 276 22  0 128 38566 2087  0  0 14336  0 1471 3928  1  0  1  0  0 41  0  0  0 35891  0 30207  0  0 12404 945 1817  0  0 312  0 2887  0 37629 68  0  0  0 20  8 215  0  0  0 97089  0  5  0 89568  0 
 0  2 30696  0 3540  0  0  0 229 2112  0  0  0 73419  0  0 24  0 1350  0 1505  0 4043  0  0  2 5418  0 57656  0 30207  0  0  0 105 37539  0 80610 4118  0 35  1 76  0 43588  0  0 47  0  0  8 41 118 7943 10871 92  0 33901  0 180 
12944  0 2755  0  0 1299  0 477 3106  0  0  0 216  1 11  0  0  0 255 41  0  0  1  0  0  0  0 63613 2372  4  0  0  0 507  0  0 158  0  0  0 50  0 25262  0  2 1051  0  0  0 290 67445  0  1  3  0  0 19822 2355 1349 1372 
11  0 47  1 10 15  0  0  0 450 10  0  0  0  0 6588 405  0  1  0  0  0  0  0 66  0 67  0  0 21370  0  0 507  0  1  0 657  0  0 215  0 24  0  2 8357  0  0  0 32 79  7  0 3764 1409  0 311 4428 2507  0  0 
 9 154 5991  2  0 49762 80421  0  0 8757  0  0  9 25 42525  0  0  0 73 170 16 165 3204  0  0  0  0  3 343 2220 12404 105  0  1  0  0  0  0 30  0 41 136 40  0 7757  0  0  0 4877  1  0  0  9 88  0 4464  0 100 22  0 
181 22  0 19 4542  0 516  0  5  0  0  0  0  0  0 27590 128  0  6  0  0 290  0  0  0  0  0  0  0  0 945 37539  0  0  0  0  0 63970  0  0  0 1631  0 44  0  0 40  0 41  0  0  0 94  0  0  0  0 41185  0  0 
 0 2661  0  0  0  0 5193  0  0  0  0 16109  0 114  0 515 47  0  0  0  0 44  0 1123 1324  0  0  0 71346  2 1817  0 158 657  0  0  0 87 1296  0 16  0  0  0 1430  0  0 8560 11091  6  0  0  0  0  0  0  0  0  0  0 
 0  0 11887 4852  0 4793 143  4 6275 661  0 2267 54 38291  0  0 82 55 181  0  0  0 12901  0  0  1  0 44  0 1653  0 80610  0  0  0 63970 87  0  6  0  0  0  0 17  0 2728  0 301  0 99 525 87  0  0  2  0  0 12658 409 1646 
 0  0  1  0  0  0 16956  0  8 3941  0 23 56035  0 2223 4447  0  0 77  0 33  0 2890 13 19467  0  1  9 23825 16  0 4118  0  0 30  0 1296  6  0 32650 36874 87670 215  0 58  2  0  4  0  0  0  0 2565 153  0  0  0  1  0 44 
 0  3  6 3513  0  0  1 3139  0 92362  5 15582 633 36  0  0  0 2019  0 29  0  0 1086  0  0 25  0  0 16376 1927 312  0  0 215  0  0  0  0 32650  0  2 69 13735  4  2  0 179 78093  0  0  0  0  0  0  0 20366  0 219  0  0 
 2  0 123  0  0  0  0  0  0 15815 66762  0 339  1  0 162  0  0  0  2  0  0  0  1  0 1002  0 46 39480  4  0 35 50  0 41  0 16  0 36874  2  0  0  0  4 12268 17470  1 145  0  0  0  0 50  0 3853  0  4  0  0  0 
 0 8835 74 8676  0 153  6  0  0 3713  0  0 790 15374  0  0 14  0 952  1  0  0 32  0  0  0  0  0  0  0 2887  1  0 24 136 1631  0  0 87670 69  0  0  0  0  2  0  0  0  2  0 37070 252 2034 85655 16  0  0  0  0  0 
13449  0  0 22542  0  0 39  0 4136  0  4 3701 2036 45968  0 6178  0  6  0  0 38637  0  0  0  0  0 1430  0  6 54375  0 76 25262  0 40  0  0  0 215 13735  0  0  0 38  0 142  1 6004  0 52471  0  4  7 15399 81113 34  0  0 57  0 
 0 16561  0 3852  1 60 24 844 2402 113 51  2  0  0  4  0 1892  0  0  0  0 946  0 45303 793 24017 10649 1058 9623  0 37629  0  0  2  0 44  0 17  0  4  4  0 38  0  0  0  0  2  0  0 498  0 3962 7599  0  0  0 634  0 24 
 0  0  2 22 173 218  0  6  0  0  0  0 139  0 10445 17101  0  0 11 2988  0 13  0  2  0 3946  0  0  0  0 68 43588  2 8357 7757  0 1430  0 58  2 12268  2  0  0  0  0 574  0  1 16131  0  0  0 16  0  0  0  0  3 7561 
6234  0  0  0 1130  0 25810 48  0 77587  0  0 16271  0  0 1257 1380 25288  0  0  0  0 167  0  0 186  0  0  0  0  0  0 1051  0  0  0  0 2728  2  0 17470  0 142  0  0  0 146 3059  0  0 104  0  1  0  0 54348  0  0 264  0 
 6  0  0 52323  0 211 51  0 16  0  0  2  0 2021 6003 45701  0  5 205  0 5986  0 13  0  0  0  0  0  2  0  0  0  0  0  0 40  0  0  0 179  1  0  1  0 574 146  0  0  0  1  0 65  0  1  0  0  0  1  0  0 
 0  0 14990 7040  1 95367 2160  0  0  5 125 10 688 29712  0 14 210 857 363 156  2  0  0 24887  0 1091  0  0 7225  0  0 47  0  0  0  0 8560 301  4 78093 145  0 6004  2  0 3059  0  0  0 9651  0 22285 9989  0  0 92451 230 293 168 1690 
 0  0  0  0  5  0  0 17 5363 1382  4  5  0 1436  0 233  0  0  0 282  0  0  0  3 567  5  0 1595  0 74 20  0  0 32 4877 41 11091  0  0  0  0  2  0  0  1  0  0  0  0 499 22059 2666 82  0  0 2037  0  0 6748  2 
 0  0  0  0 115  4  0  0  5  0  0 294  0  0 10  0 3300  0 610 32  0 83209 24338 3781  0  0  0 761  0  0  8  0 290 79  1  0  6 99  0  0  0  0 52471  0 16131  0  1 9651 499  0 269 90  0  0  0  1  0 75937  0  0 
 0  0 5227 27129  0 15832  0  3  0 3717  0  0 1343 85 474  0  0 19227  0  0  0  0  0  1  0  0 14  1 12011  0 215  8 67445  7  0  0  0 525  0  0  0 37070  0 498  0 104  0  0 22059 269  0 54 37 17  0 11006  0  0 655  5 
79  3  0  1 71831 11062 353 1477  1  0 1376  1 1967  0 8321  0  0  0  0  0 41 21295 3255  0 26032  0  8  0  0  0  0 41  0  0  0  0  0 87  0  0  0 252  4  0  0  0 65 22285 2666 90 54  0  1  0 31110  0 15  0  1  0 
459 128 68725  2  1  0  0 633  0  0  0 1608 774  0  0 798 20  4  0  0 21  0 7318 1096 1629 94  0 91 43 14297  0 118  1 3764  9 94  0  0 2565  0 50 2034  7 3962  0  1  0 9989 82  0 37  1  0  0 67  0 27028  0  0  5 
 0 29 257  0  7  0  0  0  0  0  0  0 48  0  0  0 275 1472  0  0  0 2822 50  0 89  0  0 419 38  0  0 7943  3 1409 88  0  0  0 153  0  0 85655 15399 7599 16  0  1  0  0  0 17  0  0  0  0 19036  0 1275  0  5 
 0  9 6359 198 5705  0 272 128  0  0  0  0  0  0 1730  0  0  0  3 2096  0 28939  0 5750  0  0 73172 1589 23  8 97089 10871  0  0  0  0  0  2  0  0 3853 16 81113  0  0  0  0  0  0  0  0 31110 67  0  0  0  0 2571 768 21674 
 0  2  0 6471  1  5  0  0 574  0  0 61  0  0  0 5277  1  0  0  0  0  0  1 4663 3339  0  1 84  0 305  0 92  0 311 4464  0  0  0  0 20366  0  0 34  0  0 54348  0 92451 2037  1 11006  0  0 19036  0  0 35  0 74 249 
 0  0 60427  0 4253 69 14451 71  0  0  0 42 2892  0  1 68 85880  0  0  0  0 629  3  0  0  0  0 626  1 53715  5  0 19822 4428  0  0  0  0  0  0  4  0  0  0  0  0  0 230  0  0  0 15 27028  0  0 35  0  0 57  0 
11086 98139  0 10 594 11 23914  6 38332  0 19 1124 140  0  0  0 10398  0  0 8393 49095  0  0  0 16172  0  0  0 1061  0  0 33901 2355 2507 100 41185  0 12658  1 219  0  0  0 634  0  0  1 293  0 75937  0  0  0 1275 2571  0  0  0  0  0 
1905  2  0  0 70 67  0 923 34442 3539 1665 4658 42 113  0 31546  0 59078 62 135  3  0 153  1  3  4  2 287 2141  0 89568  0 1349  0 22  0  0 409  0  0  0  0 57  0  3 264  0 168 6748  0 655  1  0  0 768 74 57  0  0  0 
 0  0  0  0  3  7  0  1  0  0  0 140  0 20  0  0  0 8884  0 1592  0  0  0  0 12766  0  0  0 137 8400  0 180 1372  0  0  0  0 1646 44  0  0  0  0 24 7561  0  0 1690  2  0  5  0  5  5 21674 249  0  0  0  0 
