facilities = 60 objectives = 2 max_distances = 174 max flows = 98589 overlap =  1.00 seed = 13709203 correlation1 = 0.800 A = -5 B = 5 M = 0 K = 1 m = 100
 0 14 70 31 19 18 58 17 36  2 89 65 79 32 94 93 60 72 21 85 17 13 52  5 11 61 84 31 42 81 48 54 21 90 39 80 73 70 41 20 67  1 69 62 29 29 77 21 36 57 20  2 36 73 11 11 73  2 32 33 
14  0 81 16 29 11 55  5 26 16 90 69 70 30 106 106 73 86 20 97 31 19 42 19  3 56 94 45 30 73 60 40 33 98 53 72 82 57 28 34 66 15 77 69 40 34 69  8 33 68 33 16 32 69 24 14 86 16 24 34 
70 81  0 97 78 89 70 80 85 68 146 116 149 65 98 25 18 41 67 17 55 80 93 65 78 78 114 57 111 151 22 108 49 28 57 150 110 137 109 61 129 70 22 105 76 52 147 90 104 13 67 68 104 139 58 80 70 68 79 60 
31 16 97  0 42 18 60 16 25 33 90 75 58 39 120 122 90 103 31 114 48 32 38 36 20 59 104 61 16 62 77 28 49 112 69 62 91 40 14 50 66 32 91 78 53 47 59  9 34 85 48 33 33 66 41 27 102 33 27 44 
19 29 78 42  0 24 77 34 54 18 72 46 74 51 78 99 64 68 41 91 23 10 70 21 27 80 65 25 47 75 56 69 33 101 31 74 54 76 46 17 52 18 81 42 11 47 71 32 28 65 11 18 28 61 25 15 61 20 51 53 
18 11 89 18 24  0 67 17 36 20 78 59 60 42 102 112 79 89 31 104 35 14 51 24 13 67 86 46 24 63 67 46 40 108 53 62 74 53 23 35 54 19 87 61 35 44 59  9 21 76 32 20 21 58 30 10 85 21 35 45 
58 55 70 60 77 67  0 50 36 59 145 123 119 26 142 93 75 99 36 87 60 71 31 56 54  8 140 78 76 123 61 52 51 69 85 123 131 91 74 70 122 59 52 120 85 32 119 60 89 63 74 59 88 125 54 67 116 57 33 24 
17  5 80 16 34 17 50  0 20 19 95 75 73 25 111 105 74 88 16 97 33 25 36 21  7 50 99 49 31 76 60 36 33 96 57 75 87 56 29 37 71 18 75 75 45 31 72 11 38 68 37 19 38 74 25 19 90 19 18 29 
36 26 85 25 54 36 36 20  0 38 113 95 82 19 130 110 82 101 19 102 48 45 16 38 26 34 119 65 40 86 68 23 44 95 73 86 108 56 38 55 89 37 74 95 64 32 83 27 56 74 56 38 55 90 40 40 107 37  5 25 
 2 16 68 33 18 20 59 19 38  0 89 64 80 33 92 92 58 70 23 84 15 13 54  4 13 62 83 29 44 82 47 56 20 89 37 81 72 73 43 18 67  1 68 61 27 29 78 24 37 55 18  0 37 73 10 12 70  1 34 34 
89 90 146 90 72 78 145 95 113 89  0 31 61 119 94 164 130 124 109 156 96 75 128 92 91 146 58 89 80 57 125 116 106 172 90 54 49 95 81 87 24 88 153 45 70 118 55 86 57 134 81 89 58 29 97 79 99 90 113 122 
65 69 116 75 46 59 123 75 95 64 31  0 69 97 69 133 99 93 86 126 68 51 111 67 69 125 37 59 70 67 96 103 78 142 59 64 24 93 70 59 24 64 124 15 41 93 63 68 41 104 53 64 42 38 71 56 69 65 94 99 
79 70 149 58 74 60 119 73 82 80 61 69  0 97 136 172 137 143 89 164 94 69 92 84 73 116 106 99 42  5 127 73 100 168 105  7 93 40 44 91 45 79 147 82 81 104  6 62 46 136 86 80 46 32 90 68 129 81 85 102 
32 30 65 39 51 42 26 25 19 33 119 97 97  0 120 90 64 85 10 83 37 45 29 31 28 29 115 55 55 101 49 42 30 75 63 100 105 75 53 46 96 33 54 94 60 13 97 36 63 55 49 33 63 100 30 41 96 31 14  5 
94 106 98 120 78 102 142 111 130 92 94 69 136 120  0 102 80 58 113 97 83 88 146 92 104 148 36 65 124 135 87 147 91 126 57 132 45 152 123 75 94 93 116 54 67 109 131 111 97 92 74 92 98 108 91 93 28 93 126 119 
93 106 25 122 99 112 93 105 110 92 164 133 172 90 102  0 35 45 92  8 78 103 118 88 102 101 125 76 136 174 45 133 73 33 74 172 123 162 134 82 149 93 41 120 96 77 170 114 126 37 87 92 127 159 82 103 76 91 104 85 
60 73 18 90 64 79 75 74 82 58 130 99 137 64 80 35  0 25 63 27 43 68 93 55 69 83 95 41 103 139 14 105 40 47 39 137 92 130 101 47 114 59 36 87 61 50 135 81 91 13 52 58 92 124 49 69 52 58 77 60 
72 86 41 103 68 89 99 88 101 70 124 93 143 85 58 45 25  0 81 39 55 76 114 67 83 107 80 43 113 144 38 123 56 68 38 141 80 142 112 53 112 71 61 79 61 71 139 94 96 38 58 70 97 124 63 78 31 70 95 81 
21 20 67 31 41 31 36 16 19 23 109 86 89 10 113 92 63 81  0 85 30 34 33 21 18 39 106 48 47 92 49 42 25 81 56 91 95 70 45 38 85 22 59 84 50 15 88 27 53 56 40 23 52 89 22 30 89 21 13 13 
85 97 17 114 91 104 87 97 102 84 156 126 164 83 97  8 27 39 85  0 69 95 111 80 94 95 118 68 127 166 37 126 64 32 66 164 116 154 126 73 141 85 36 113 88 70 161 106 118 29 79 84 118 151 74 95 70 83 97 78 
17 31 55 48 23 35 60 33 48 15 96 68 94 37 83 78 43 55 30 69  0 25 63 12 27 65 80 18 59 96 33 68 10 77 26 94 71 87 58 10 75 16 57 61 27 28 91 38 49 42 15 15 49 84  8 25 59 14 43 36 
13 19 80 32 10 14 71 25 45 13 75 51 69 45 88 103 68 76 34 95 25  0 61 17 18 73 74 32 38 71 58 59 33 102 39 69 62 67 37 22 53 13 81 50 21 43 66 22 24 67 18 13 24 60 23  5 71 15 42 47 
52 42 93 38 70 51 31 36 16 54 128 111 92 29 146 118 93 114 33 111 63 61  0 54 43 26 136 81 51 96 78 21 57 98 89 97 124 60 49 71 104 53 79 112 81 42 93 43 71 83 72 54 70 104 55 56 122 53 20 33 
 5 19 65 36 21 24 56 21 38  4 92 67 84 31 92 88 55 67 21 80 12 17 54  0 15 60 84 27 48 86 43 57 16 85 36 85 74 76 46 17 70  5 64 63 29 26 82 27 41 51 18  4 41 77  6 16 69  3 34 32 
11  3 78 20 27 13 54  7 26 13 91 69 73 28 104 102 69 83 18 94 27 18 43 15  0 55 92 42 33 76 57 43 29 95 50 75 81 60 31 31 67 12 74 69 38 31 72 12 34 65 30 13 34 71 20 13 84 13 24 32 
61 56 78 59 80 67  8 50 34 62 146 125 116 29 148 101 83 107 39 95 65 73 26 60 55  0 144 83 73 120 69 47 57 77 90 120 134 86 72 75 122 61 60 123 89 38 117 60 89 71 78 62 88 124 58 69 122 60 32 29 
84 94 114 104 65 86 140 99 119 83 58 37 106 115 36 125 95 80 106 118 80 74 136 84 92 144  0 64 103 104 97 132 90 142 60 101 13 128 103 70 61 83 128 26 55 108 100 95 74 104 66 83 75 75 86 79 50 84 117 116 
31 45 57 61 25 46 78 49 65 29 89 59 99 55 65 76 41 43 48 68 18 32 81 27 42 83 64  0 70 100 36 85 26 83  8 98 57 99 69 11 73 30 65 49 20 45 96 52 53 44 14 29 53 83 26 35 41 29 61 54 
42 30 111 16 47 24 76 31 40 44 80 70 42 55 124 136 103 113 47 127 59 38 51 48 33 73 103 70  0 46 90 35 63 128 78 46 90 29  2 60 56 43 106 77 58 62 43 21 29 99 56 44 28 53 53 35 109 44 42 60 
81 73 151 62 75 63 123 76 86 82 57 67  5 101 135 174 139 144 92 166 96 71 96 86 76 120 104 100 46  0 129 78 102 171 105  3 91 45 48 92 42 81 150 81 82 107  4 65 47 138 87 82 47 29 92 71 129 83 89 105 
48 60 22 77 56 67 61 60 68 47 125 96 127 49 87 45 14 38 49 37 33 58 78 43 57 69 97 36 90 129  0 91 27 46 38 128 92 117 89 39 107 48 30 85 55 36 125 69 82  9 45 47 82 117 37 58 59 46 62 45 
54 40 108 28 69 46 52 36 23 56 116 103 73 42 147 133 105 123 42 126 68 59 21 57 43 47 132 85 35 78 91  0 66 117 93 79 120 39 34 74 92 55 96 107 80 55 76 37 61 97 73 56 60 89 60 54 127 55 29 48 
21 33 49 49 33 40 51 33 44 20 106 78 100 30 91 73 40 56 25 64 10 33 57 16 29 57 90 26 63 102 27 66  0 69 33 101 81 90 61 20 85 21 48 72 37 18 98 41 57 36 25 20 57 93 10 32 66 19 39 28 
90 98 28 112 101 108 69 96 95 89 172 142 168 75 126 33 47 68 81 32 77 102 98 85 95 77 142 83 128 171 46 117 69  0 84 170 138 151 126 85 153 90 21 132 101 65 167 107 126 38 91 89 126 162 79 101 98 88 89 70 
39 53 57 69 31 53 85 57 73 37 90 59 105 63 57 74 39 38 56 66 26 39 89 36 50 90 60  8 78 105 38 93 33 84  0 103 54 107 76 19 75 38 68 48 23 52 101 60 58 46 21 37 59 87 34 43 33 37 69 61 
80 72 150 62 74 62 123 75 86 81 54 64  7 100 132 172 137 141 91 164 94 69 97 85 75 120 101 98 46  3 128 79 101 170 103  0 88 46 48 90 39 80 149 78 80 106  3 64 45 136 85 81 45 26 91 69 127 82 89 105 
73 82 110 91 54 74 131 87 108 72 49 24 93 105 45 123 92 80 95 116 71 62 124 74 81 134 13 57 90 91 92 120 81 138 54 88  0 115 90 61 49 72 122 13 45 99 87 83 61 99 56 72 62 63 76 68 52 73 105 106 
70 57 137 40 76 53 91 56 56 73 95 93 40 75 152 162 130 142 70 154 87 67 60 76 60 86 128 99 29 45 117 39 90 151 107 46 115  0 30 89 74 71 129 102 87 86 44 49 55 125 85 73 54 66 81 64 138 73 61 81 
41 28 109 14 46 23 74 29 38 43 81 70 44 53 123 134 101 112 45 126 58 37 49 46 31 72 103 69  2 48 89 34 61 126 76 48 90 30  0 58 57 41 104 77 57 60 45 19 29 97 55 43 28 55 51 33 108 43 41 58 
20 34 61 50 17 35 70 37 55 18 87 59 91 46 75 82 47 53 38 73 10 22 71 17 31 75 70 11 60 92 39 74 20 85 19 90 61 89 58  0 68 19 66 51 17 38 88 41 44 48  6 18 45 78 16 24 52 18 51 46 
67 66 129 66 52 54 122 71 89 67 24 24 45 96 94 149 114 112 85 141 75 53 104 70 67 122 61 73 56 42 107 92 85 153 75 39 49 74 57 68  0 66 133 39 53 96 39 62 33 116 62 67 33 14 76 56 92 68 89 99 
 1 15 70 32 18 19 59 18 37  1 88 64 79 33 93 93 59 71 22 85 16 13 53  5 12 61 83 30 43 81 48 55 21 90 38 80 72 71 41 19 66  0 69 61 28 30 77 22 36 57 19  1 36 73 11 11 72  2 33 34 
69 77 22 91 81 87 52 75 74 68 153 124 147 54 116 41 36 61 59 36 57 81 79 64 74 60 128 65 106 150 30 96 48 21 68 149 122 129 104 66 133 69  0 115 83 44 146 85 105 24 72 68 105 141 58 80 88 67 68 49 
62 69 105 78 42 61 120 75 95 61 45 15 82 94 54 120 87 79 84 113 61 50 112 63 69 123 26 49 77 81 85 107 72 132 48 78 13 102 77 51 39 61 115  0 34 88 77 70 48 94 46 61 49 53 66 55 54 62 93 95 
29 40 76 53 11 35 85 45 64 27 70 41 81 60 67 96 61 61 50 88 27 21 81 29 38 89 55 20 58 82 55 80 37 101 23 80 45 87 57 17 53 28 83 34  0 54 77 43 35 64 12 27 36 63 31 26 51 28 61 61 
29 34 52 47 47 44 32 31 32 29 118 93 104 13 109 77 50 71 15 70 28 43 42 26 31 38 108 45 62 107 36 55 18 65 52 106 99 86 60 38 96 30 44 88 54  0 103 42 65 41 42 29 64 102 22 40 84 28 26 10 
77 69 147 59 71 59 119 72 83 78 55 63  6 97 131 170 135 139 88 161 91 66 93 82 72 117 100 96 43  4 125 76 98 167 101  3 87 44 45 88 39 77 146 77 77 103  0 61 43 134 82 78 43 26 88 66 125 79 86 102 
21  8 90  9 32  9 60 11 27 24 86 68 62 36 111 114 81 94 27 106 38 22 43 27 12 60 95 52 21 65 69 37 41 107 60 64 83 49 19 41 62 22 85 70 43 42 61  0 29 77 38 24 28 64 32 17 92 24 27 41 
36 33 104 34 28 21 89 38 56 37 57 41 46 63 97 126 91 96 53 118 49 24 71 41 34 89 74 53 29 47 82 61 57 126 58 45 61 55 29 44 33 36 105 48 35 65 43 29  0 91 39 37  1 37 47 25 85 38 56 67 
57 68 13 85 65 76 63 68 74 55 134 104 136 55 92 37 13 38 56 29 42 67 83 51 65 71 104 44 99 138  9 97 36 38 46 136 99 125 97 48 116 57 24 94 64 41 134 77 91  0 54 55 91 126 45 67 63 55 68 50 
20 33 67 48 11 32 74 37 56 18 81 53 86 49 74 87 52 58 40 79 15 18 72 18 30 78 66 14 56 87 45 73 25 91 21 85 56 85 55  6 62 19 72 46 12 42 82 38 39 54  0 18 39 72 19 21 53 19 52 49 
 2 16 68 33 18 20 59 19 38  0 89 64 80 33 92 92 58 70 23 84 15 13 54  4 13 62 83 29 44 82 47 56 20 89 37 81 72 73 43 18 67  1 68 61 27 29 78 24 37 55 18  0 37 73 10 12 70  1 34 34 
36 32 104 33 28 21 88 38 55 37 58 42 46 63 98 127 92 97 52 118 49 24 70 41 34 88 75 53 28 47 82 60 57 126 59 45 62 54 28 45 33 36 105 49 36 64 43 28  1 91 39 37  0 37 47 25 86 38 55 66 
73 69 139 66 61 58 125 74 90 73 29 38 32 100 108 159 124 124 89 151 84 60 104 77 71 124 75 83 53 29 117 89 93 162 87 26 63 66 55 78 14 73 141 53 63 102 26 64 37 126 72 73 37  0 83 62 105 74 91 103 
11 24 58 41 25 30 54 25 40 10 97 71 90 30 91 82 49 63 22 74  8 23 55  6 20 58 86 26 53 92 37 60 10 79 34 91 76 81 51 16 76 11 58 66 31 22 88 32 47 45 19 10 47 83  0 22 67  9 35 29 
11 14 80 27 15 10 67 19 40 12 79 56 68 41 93 103 69 78 30 95 25  5 56 16 13 69 79 35 35 71 58 54 32 101 43 69 68 64 33 24 56 11 80 55 26 40 66 17 25 67 21 12 25 62 22  0 75 13 38 43 
73 86 70 102 61 85 116 90 107 70 99 69 129 96 28 76 52 31 89 70 59 71 122 69 84 122 50 41 109 129 59 127 66 98 33 127 52 138 108 52 92 72 88 54 51 84 125 92 85 63 53 70 86 105 67 75  0 71 103 94 
 2 16 68 33 20 21 57 19 37  1 90 65 81 31 93 91 58 70 21 83 14 15 53  3 13 60 84 29 44 83 46 55 19 88 37 82 73 73 43 18 68  2 67 62 28 28 79 24 38 55 19  1 38 74  9 13 71  0 33 33 
32 24 79 27 51 35 33 18  5 34 113 94 85 14 126 104 77 95 13 97 43 42 20 34 24 32 117 61 42 89 62 29 39 89 69 89 105 61 41 51 89 33 68 93 61 26 86 27 56 68 52 34 55 91 35 38 103 33  0 19 
33 34 60 44 53 45 24 29 25 34 122 99 102  5 119 85 60 81 13 78 36 47 33 32 32 29 116 54 60 105 45 48 28 70 61 105 106 81 58 46 99 34 49 95 61 10 102 41 67 50 49 34 66 103 29 43 94 33 19  0 

 0  0 80 146 56820 69 608 70174  0 966  4 141  5  8  0  0  7  0 25635  0  0  0 33 82 13067 29889 636 30 94 90  0  0 464  0 120  0 734 3163  3 4039  0  0 65284 186  0  0 27 537  0  0  0  0 14 26  0  0 96  0  0 1018 
 0  0  0  5  0 314 14749  0 24 10  6 33 92  2  0 27680  0 3356  0 495  0 1413  0  0 54136  0  0 229  0  0 48  0 41381  0  0  3  0 2596  0  0  0 61017 24632  0  1  0  0 33330  0  0  0  0 37105 1168  0  0 194 15092  0 11455 
80  0  0  0  0  5 10 20 11  0  0 562  0  0 577  0 7979  0 82  0 39654  7 906  0  0  0  0 98181  2 36  0 12  0  0 254  0  0  0  0  0  0  0  0 13  0  0  0 44  0 72867 80 12 3248 11879 1228 1182 265 127  0 533 
146  5  0  0 126  0  0 203 22100  0  0 44 10  0 1670  6  0  0 19 55971 1012 97225  0  0 1682  0  1  0 90  0  0  0 50020  0  0  0  1 938  0 70  0  0  2  0  0  0  0 54280 79 174  8  0  0 30  0  0 2442  0  0 41086 
56820  0  0 126  0  0  0 147  3 32085  0  0 5108 65671  0 198  1  2  0  0 45565  0 26529  0 197 8219 402  0  0 714  0 579  0  0  0  0  1  0 193 55271  0  0 34751 92  0  0  0 594 243  2 416  0  0  0 146 10 92732 24155 20532  2 
69 314  5  0  0  0 47 12321  0  0  0  0 6506  0  0  0  0 30302 37  0  0 88  0  0 5436  0 162  0 2710  0  0  0  0  0  0  8 574  0 199  1 903 91 106  0  0  0  0  0  0 51  0 41  0 84 1399  0  0  0  6 254 
608 14749 10  0  0 47  0  0  3  0 19163  0 13231 113  0  0 116 56 40 130 695 28619  0  0  0  0 2207 619 18269  0 106  0  0 74475  0 2922 7864  0 43973 118  0  0  0 4423  0  0 713  0  0 48697  0  0  0 585  0  0 25  0  0  0 
70174  0 20 203 147 12321  0  0  0  0  0 143  0  0  0 77603  0 1010  0 65643  0 144  0 62961  0 45  0 46  0  0 152  0 408 60993  5 41 11  0 16 46528 10292  0  0  0  2  2 115  0  0 801 50252  0  0  0 63 76444  0  0  0  2 
 0 24 11 22100  3  0  3  0  0 1609 19088 131  0  0 26290 908 31495  0  0 5569 53464 45592 14814  0 24  0  0  0 75627  0 29 35467  0  0  0  0  5  0  0 824 18  0  0  0  2 67768  0  0  0 5785  0 11  0  0 96394  0 41955 554  3  0 
966 10  0  0 32085  0  0  0 1609  0  0  0  0  0 182  1  0 614  0 32  0 6340 44 43  0  0  0 33599 110 32468 69467  0 56  1  0  0 43017 53 15185  0  0 5824 1136  0 62466  0  2 24620 138 142  6  4  0  0  5 34504 65726 720  0 1312 
 4  6  0  0  0  0 19163  0 19088  0  0  0 1598  0  0  0  6  0  0  0 278  0  0  0  0  0  0  0 3236  1 120 63363  0  0 10457  0  0  0  0  0 87  3  0  0 132  0  0 45 1996 284 65  0  0  0  0  0  0 9980  0  0 
141 33 562 44  0  0  0 143 131  0  0  0 26  0  0  0  0  1  0  0  0 133  3  6 665  0 13 465 531 13407  0  0 95275 38842 113 309  0  0 1179  0  0  0  0  0  0  0 29456  0 44 53588  2  0  0 4530 40  1  0 66348 5839 23 
 5 92  0 10 5108 6506 13231  0  0  0 1598 26  0 585  0  1  5  0  0  0 17 16 42440 13  0  0  0  0  5  9 14 46  0 15462  0 42369  0  0  0 132  0  0  0  9  0  0  0  0 30 6067  0  0 171 2950  0  0 2736  0 21  0 
 8  2  0  0 65671  0 113  0  0  0  0  0 585  0  0  1 11 66508  0 15777 55537  0 3161 10173 34 30277  9  0 61 9164 34817 145 316 98544  0 60978  0 522  3  1  0  0 37 446  0 1829  0 5524  3 8192  0  0  1  0 8768  1  0  0  0  0 
 0  0 577 1670  0  0  0  0 26290 182  0  0  0  0  0 51671 13478 72  0 75428 15910 30180  0  2 52 32473 779  0  0  0  0  0 59  0 57  0  2 27  4  0  3 414  0  0 510 21  0 38765 8745  0 28  0  0  0 29839 15298  0 196 21  0 
 0 27680  0  6 198  0  0 77603 908  1  0  0  1  1 51671  0  0  1  0  0 27754  0 3657  0  0 129 26  0  0 5607 275  1  0  0  0  0 207 50459  1  0  0 24356  0  6 123 14815  2 19  9  0  0  0 1166  0  0 1274  0  0  0 545 
 7  0 7979  0  1  0 116  0 31495  0  6  0  5 11 13478  0  0  0 31736  0 28219  1  2 53  0  0  0  0 8403 8797  0  0  0 19987 38  0  0 80547  4 85 30 331  0  0 135  0  0 2708  0 74797  0  0 878  0  0  0  0 20423  0  0 
 0 3356  0  0  2 30302 56 1010  0 614  0  1  0 66508 72  1  0  0  0  0  0  0 29  0  0 45 7300  5  0  0 24  0 263 64172  0  0 29298  0 37  0 145  0 2604  0  0  1  0  0 24182  0 32 299  0 17317 23  0  2  0  0  0 
25635  0 82 19  0 37 40  0  0  0  0  0  0  0  0  0 31736  0  0 394  0  0  0  6  0 5140  0  0 518 579  0 702 92 5869 39  0 1152  0  0 335  0  0 118  1 1539  0  2 42  0  0  0  0  0  0  0  3  0  0  0  0 
 0 495  0 55971  0  0 130 65643 5569 32  0  0  0 15777 75428  0  0  0 394  0  0 205  0  0 37502  0 57  0  2 893 12  0 43137  0  0 162  0 7201  0  0 1640  0  0  0 18  3  0  1 22  0  1 84 2358  0  0  0 118  0 1669  0 
 0  0 39654 1012 45565  0 695  0 53464  0 278  0 17 55537 15910 27754 28219  0  0  0  0  0  0  8 32410 15963  0  0 51  0  0  0  0  0  0  0  0 41 878 822  0  0 441  0  0  0 142 1323  1  3 25282  0  0 107  0 17163 9971 18375 978 156 
 0 1413  7 97225  0 88 28619 144 45592 6340  0 133 16  0 30180  0  1  0  0 205  0  0 4722 196 15600  0  0 89  0 70  0 13 12 68755  1  0  0 10271  0 1140  0 86  0 170  0  0 353  0  0  0 20  0  0 81 39  5  0  0  1  1 
33  0 906  0 26529  0  0  0 14814 44  0  3 42440 3161  0 3657  2 29  0  0  0 4722  0  0 5223  0 44 21859  0 1436 279  0 12 31073 361  5 33 91589 31740  0  0  0  0  6  2  0  0  0  0  0  0 11  0  0 136  0  0 24957 10332  0 
82  0  0  0  0  0  0 62961  0 43  0  6 13 10173  2  0 53  0  6  0  8 196  0  0 20  0  0 1291  0  0  0  0  7 19534  0  0  0  0  0 354  0 910 9560 14  0  0 73935 26941  2  0  0  0 10  1 458  0  0 58  0 39035 
13067 54136  0 1682 197 5436  0  0 24  0  0 665  0 34 52  0  0  0  0 37502 32410 15600 5223 20  0 125  4  0 113  0  1 71022  0  0  0  0  0  0  0  0 615  4  6 50  0  6  0  0 739 10098  2  0 38 567 17603 14  0 216 4232 7587 
29889  0  0  0 8219  0  0 45  0  0  0  0  0 30277 32473 129  0 45 5140  0 15963  0  0  0 125  0  0  0 1045 57914  0 238  0 29  0  0  1 84763  0  0  0 84  0 460  0  0 5868  2  0 988  0 681  0  0  0  0  1  0 178 15 
636  0  0  1 402 162 2207  0  0  0  0 13  0  9 779 26  0 7300  0 57  0  0 44  0  4  0  0  0 13  0  0  0  0  0  0  8 53109  0  2  0  0  0  0  0 190  0  0  1 13 79125  0 36580  0  1  0  0  0 17274 190 48093 
30 229 98181  0  0  0 619 46  0 33599  0 465  0  0  0  0  0  5  0  0  0 89 21859 1291  0  0  0  0  0 5061  0 185 82  0  0  0 365  8  0  0  0  0  0 107  1  0  0 68884 67  1 83448 146  1  0 29984 336  0  0  0  0 
94  0  2 90  0 2710 18269  0 75627 110 3236 531  5 61  0  0 8403  0 518  2 51  0  0  0 113 1045 13  0  0  0 733  1 980 70 263  0  0  0  0 30412  0 52  4 224 38093  2  0 9697  0  0 24 632  0  0  0  0 162  0 93  0 
90  0 36  0 714  0  0  0  0 32468  1 13407  9 9164  0 5607 8797  0 579 893  0 70 1436  0  0 57914  0 5061  0  0 11  0  0 928  0  0  0  0 24 92 62019 143 42  0 84 7181  0  0 35  0  8 2783 13837 5034 7278  0  0  0  0  0 
 0 48  0  0  0  0 106 152 29 69467 120  0 14 34817  0 275  0 24  0 12  0  0 279  0  1  0  0  0 733 11  0  0  0  0  0  4  1 44862 7321  0  0  0 29  0 27  0  0  2 11  0  0  9 30386  0  0  0  0 26  1 75 
 0  0 12  0 579  0  0  0 35467  0 63363  0 46 145  0  1  0  0 702  0  0 13  0  0 71022 238  0 185  1  0  0  0  0  1  0  0 59  4 1057  0 93  0 49738 323  0  4  0 21 434 1051  0  0 11864 62361 32450  0  0 23002  0 32639 
464 41381  0 50020  0  0  0 408  0 56  0 95275  0 316 59  0  0 263 92 43137  0 12 12  7  0  0  0 82 980  0  0  0  0  0  0 60  0  0  0 4664 13  0  0 29 60013  0 1066  0 19069 4036  4 109  6  0  0 1756  0  0 6211 14 
 0  0  0  0  0  0 74475 60993  0  1  0 38842 15462 98544  0  0 19987 64172 5869  0  0 68755 31073 19534  0 29  0  0 70 928  0  1  0  0 41 6871  0  0 133  3  1 5053 115  0 76501  0  0  0 8653  0  1 13890  0  0  0 749 3411 31163  0 11832 
120  0 254  0  0  0  0  5  0  0 10457 113  0  0 57  0 38  0 39  0  0  1 361  0  0  0  0  0 263  0  0  0  0 41  0 2076 579 5323 120  5 83072  0  0  0 9434  0  0  0 35 476  0  0  0  0  1 18 3809  0 3142 199 
 0  3  0  0  0  8 2922 41  0  0  0 309 42369 60978  0  0  0  0  0 162  0  0  5  0  0  0  8  0  0  0  4  0 60 6871 2076  0 6183 35  0  0 66665 1164  0 12 12 2992  0  6  0  0 7132 261  0  0 174  5  3  0  0  4 
734  0  0  1  1 574 7864 11  5 43017  0  0  0  0  2 207  0 29298 1152  0  0  0 33  0  0  1 53109 365  0  0  1 59  0  0 579 6183  0  0  0 1128  0  0  0 352  0 51  0  7 42  0  0 91  0  0 11  7 187  0 8797 14 
3163 2596  0 938  0  0  0  0  0 53  0  0  0 522 27 50459 80547  0  0 7201 41 10271 91589  0  0 84763  0  8  0  0 44862  4  0  0 5323 35  0  0 8407 29 1575 29 819 3815 2604  0  0  0 2045  0  0 838 559  0 174  0  0 50  3  0 
 3  0  0  0 193 199 43973 16  0 15185  0 1179  0  3  4  1  4 37  0  0 878  0 31740  0  0  0  2  0  0 24 7321 1057  0 133 120  0  0 8407  0  0  0  1  0  4 1164 31 61  0 87761 1624  0  0  2  0  0 78  0 80351  0 677 
4039  0  0 70 55271  1 118 46528 824  0  0  0 132  1  0  0 85  0 335  0 822 1140  0 354  0  0  0  0 30412 92  0  0 4664  3  5  0 1128 29  0  0  0 33 24  0 1371  0 583 11  0  0 1332 166  0  0  0  0 4866  0 1170 62 
 0  0  0  0  0 903  0 10292 18  0 87  0  0  0  3  0 30 145  0 1640  0  0  0  0 615  0  0  0  0 62019  0 93 13  1 83072 66665  0 1575  0  0  0  0  1  1  0  0  0  0 10428 302 31 25113  0 24  0 23405 4795  0  0  0 
 0 61017  0  0  0 91  0  0  0 5824  3  0  0  0 414 24356 331  0  0  0  0 86  0 910  4 84  0  0 52 143  0  0  0 5053  0 1164  0 29  1 33  0  0  0 40  3  0  0 322  0  1 14156 49  0  0  0  8  2  0 87 19567 
65284 24632  0  2 34751 106  0  0  0 1136  0  0  0 37  0  0  0 2604 118  0 441  0  0 9560  6  0  0  0  4 42 29 49738  0 115  0  0  0 819  0 24  1  0  0  0 915 79  9  0  0  0 109 2347 5908  0  0 59 2637  5  0 87 
186  0 13  0 92  0 4423  0  0  0  0  0  9 446  0  6  0  0  1  0  0 170  6 14 50 460  0 107 224  0  0 323 29  0  0 12 352 3815  4  0  1 40  0  0  0 57765  0 152  0  0  0 44 73977  0 12069  0  0  0 3090 49 
 0  1  0  0  0  0  0  2  2 62466 132  0  0  0 510 123 135  0 1539 18  0  0  2  0  0  0 190  1 38093 84 27  0 60013 76501 9434 12  0 2604 1164 1371  0  3 915  0  0 51133  0  0  0 26433 1147  0  0  0 80  0 134  0  0 482 
 0  0  0  0  0  0  0  2 67768  0  0  0  0 1829 21 14815  0  1  0  3  0  0  0  0  6  0  0  0  2 7181  0  4  0  0  0 2992 51  0 31  0  0  0 79 57765 51133  0  0  0 2590 54  0  9  0  4  0 31756 4599  0  0 76 
27  0  0  0  0  0 713 115  0  2  0 29456  0  0  0  2  0  0  2  0 142 353  0 73935  0 5868  0  0  0  0  0  0 1066  0  0  0  0  0 61 583  0  0  9  0  0  0  0 18244  0  0  0 3541  0  0  0  3  0  0  0 834 
537 33330 44 54280 594  0  0  0  0 24620 45  0  0 5524 38765 19 2708  0 42  1 1323  0  0 26941  0  2  1 68884 9697  0  2 21  0  0  0  6  7  0  0 11  0 322  0 152  0  0 18244  0 3549  0  0  0  0  0  0  0 22029  0  5 30571 
 0  0  0 79 243  0  0  0  0 138 1996 44 30  3 8745  9  0 24182  0 22  1  0  0  2 739  0 13 67  0 35 11 434 19069 8653 35  0 42 2045 87761  0 10428  0  0  0  0 2590  0 3549  0  1  0 64  0 61 54391  4  0 57  0  0 
 0  0 72867 174  2 51 48697 801 5785 142 284 53588 6067 8192  0  0 74797  0  0  0  3  0  0  0 10098 988 79125  1  0  0  0 1051 4036  0 476  0  0  0 1624  0 302  1  0  0 26433 54  0  0  1  0  0  0 3971 201 63542 49409  0  0  0  0 
 0  0 80  8 416  0  0 50252  0  6 65  2  0  0 28  0  0 32  0  1 25282 20  0  0  2  0  0 83448 24  8  0  0  4  1  0 7132  0  0  0 1332 31 14156 109  0 1147  0  0  0  0  0  0  1  0 3313  4  0 17657  0 17  9 
 0  0 12  0  0 41  0  0 11  4  0  0  0  0  0  0  0 299  0 84  0  0 11  0  0 681 36580 146 632 2783  9  0 109 13890  0 261 91 838  0 166 25113 49 2347 44  0  9 3541  0 64  0  1  0  0  0  0 18713  0  0  0 14 
14 37105 3248  0  0  0  0  0  0  0  0  0 171  1  0 1166 878  0  0 2358  0  0  0 10 38  0  0  1  0 13837 30386 11864  6  0  0  0  0 559  2  0  0  0 5908 73977  0  0  0  0  0 3971  0  0  0  0  0  0  0 10978  0  0 
26 1168 11879 30  0 84 585  0  0  0  0 4530 2950  0  0  0  0 17317  0  0 107 81  0  1 567  0  1  0  0 5034  0 62361  0  0  0  0  0  0  0  0 24  0  0  0  0  4  0  0 61 201 3313  0  0  0  0  0  0 2860 3143 15 
 0  0 1228  0 146 1399  0 63 96394  5  0 40  0 8768 29839  0  0 23  0  0  0 39 136 458 17603  0  0 29984  0 7278  0 32450  0  0  1 174 11 174  0  0  0  0  0 12069 80  0  0  0 54391 63542  4  0  0  0  0 39983 2584 78188 12  0 
 0  0 1182  0 10  0  0 76444  0 34504  0  1  0  1 15298 1274  0  0  3  0 17163  5  0  0 14  0  0 336  0  0  0  0 1756 749 18  5  7  0 78  0 23405  8 59  0  0 31756  3  0  4 49409  0 18713  0  0 39983  0 4720  0 796  0 
96 194 265 2442 92732  0 25  0 41955 65726  0  0 2736  0  0  0  0  2  0 118 9971  0  0  0  0  1  0  0 162  0  0  0  0 3411 3809  3 187  0  0 4866 4795  2 2637  0 134 4599  0 22029  0  0 17657  0  0  0 2584 4720  0 318  0 50 
 0 15092 127  0 24155  0  0  0 554 720 9980 66348  0  0 196  0 20423  0  0  0 18375  0 24957 58 216  0 17274  0  0  0 26 23002  0 31163  0  0  0 50 80351  0  0  0  5  0  0  0  0  0 57  0  0  0 10978 2860 78188  0 318  0  0 17 
 0  0  0  0 20532  6  0  0  3  0  0 5839 21  0 21  0  0  0  0 1669 978  1 10332  0 4232 178 190  0 93  0  1  0 6211  0 3142  0 8797  3  0 1170  0 87  0 3090  0  0  0  5  0  0 17  0  0 3143 12 796  0  0  0  0 
1018 11455 533 41086  2 254  0  2  0 1312  0 23  0  0  0 545  0  0  0  0 156  1  0 39035 7587 15 48093  0  0  0 75 32639 14 11832 199  4 14  0 677 62  0 19567 87 49 482 76 834 30571  0  0  9 14  0 15  0  0 50 17  0  0 

 0  0 26 258 492 38 467 4412  0 395 96 55  0 79  0  0  0  0 62691  0  0  0  1 20 3288 20862 567 8680 27  9  0  2 3897  0 236  0 941 58724  2 3328  0  0 17262 212  0  0 73 4979  0  0  0  0  1  4  0  0 213  0  0 9010 
 0  0  0 18  0 1186 11408  0  2 56  0 18 1263 54  0 2957  0 46653  0  1  0 1178  0  0 7586  0  0 261  0  0 136  0 1169  0  0  0  0 121  0  0  0 34450 314  0  1  0  0 46730  0  0  0  0 359 1307  0  0  1 1884  0 16147 
26  0  0  0  0 26 28 21 33  0  0 211  0  0 1062  0 31  2 13  0 23729  8 106  0  0  0  0 41720 108 238  0  0  0  0 49  0  6  1  0  0  0  6  0  0  0  0  0 113  0 95796 34 33 231 78533  6 1071 173 315  0 38442 
258 18  0  0 680  0  0 100 44757  0  0 56  6  0 2183 71  0  6 329 4804 2488 10203  0  0 15870  0  4  0 355  0  0  0 7275  0  0  0  3 30  0 236  0  0  8  0  0  0  0 8614 761 27 121  0  0  0  0  0 226  0  0 93617 
492  0  0 680  0  0  0 35  5 13174  0  0 9805 1055  0 1879  0  0  0  0 20739  0 17286  0 70 40217 1924  0  0 10110  0 53  0  0  0  0  0  1 314 41299  0  0 30359 181  0  0  0 1332 2128 386 373  0  0  0 578 195 31453 1465 782  0 
38 1186 26  0  0  0 1254 32061  0  0  0  0 10499  0  0  0  0 24589 31  0  0 1700  0  0 2671  0 331  0 1704  0  1  0  0  0  0  8 135  0 179  0 7220 1169 2492  0  0  0  0  0  0 62  0 68 12 825 175  0  0  0  0 324 
467 11408 28  0  0 1254  0  0  2  0 20185  0 21535 21559  0  0 126 16  3 28 155 20133  0  0  0  0 1062 415 41309  0  2  0  0 1299  2 76 18788  0 30285  0  0  0  0 3206  0  0 83  0  0 1277  0  0  0 32  0  0 19  0  0  0 
4412  0 21 100 35 32061  0  0  0  0  0  5  0  0  0 35  0  2  0 48979  0  5  0 4849  0  2  0  3  0 45 21472  0 1108 1643  0  0  0  0  7 14160 9850  0  0  0  0  6 30  0  0 1507 33614  0  0  0  2 35373  0  6  0  0 
 0  2 33 44757  5  0  2  0  0 810 16721 605  1  0 3156 3435 45048  0  0 4825 15709 3337 13466  0 2059  0  0  0 11626  0 51 48065  0  0  0  0 1026  0  0 23349 140  1  0  0  2 67785  0  0  0 1353  0 13  0  0 12908  0 38634 6066  5  0 
395 56  0  0 13174  0  0  0 810  0  0  0  0  0 309  0  0 14717  0 346  0 1813 57  0  0  0  0 64522  9 10621 9164  0  7  2  0  0 6254  1 7887  0  0 76 1707  0 32558  0  1 70036 45 404 14 12  0  0 69 1923 230 30  0 15002 
96  0  0  0  0  0 20185  0 16721  0  0  0 61660  0  0  2 19  0  0  0 118  0  0  0  0  4  0  0 1138  9 50 67960  0  0 36157  0  0  0  0  0 123  2  0  0 16688  0  0 23 3769 207 113  0  0  0  0  0  0 80824  0  0 
55 18 211 56  0  0  0  5 605  0  0  0  9  0  0  0  0  0  0  0  0 104 48 79 91  0  2 15 305 63472  0  0 6813 28723 440  6  0  0 112  0  0  0 84  0  0  0 327  0 59 78138 18  0  0 81901 35  7  0 68742 40018 16 
 0 1263  0  6 9805 10499 21535  0  1  0 61660  9  0 59  0  1  0  0  0  0 56 23 87095 10  0  0  0  0 57 19  3  3  0 36483  0 35754  0  0  0 309  0  0  0  0  0  0  0  0 98 791  0  0 975 1414  0  0 17  0 17  0 
79 54  0  0 1055  0 21559  0  0  0  0  0 59  0  0  1 44 55405  0 532 33615  0 2021 6491 490 894 15  3 1853 51 3917 73 2256 22611  0 22956  0 549 198 19  0  0 3717  7  0 4395  0 761  7 16628  0  0  0  0 20638 19  0  0  0  0 
 0  0 1062 2183  0  0  0  0 3156 309  0  0  0  0  0 4463 29038 49  0 8670 33887 38576  0 12 232 19578 516  0 89  0  0  0  3  0 46  0 34  1 17  7  2 3242  0  0 878 49  0 93054 30489  3  4  0  0  0 39422 18927  0 46 123  0 
 0 2957  0 71 1879  0  0 35 3435  0  2  0  1  1 4463  0  0  0  0  0 75735  0 199  0  0 202  7  0  0 60428 1645  5  0  1  0  0 276 510  4  0  0 10463  0 12 160 5638  3 12  4  1  0  0 170  0  0 1816  0  0  0 4616 
 0  0 31  0  0  0 126  0 45048  0 19  0  0 44 29038  0  0  0 17697  0 16467  3  0 770  0  0  0  0 2427 1731  0  0  0 24027  6  0  0 640  0 1062  8 34  0  0 11  0  0 6322  0 11302  0  0 1120  0  0  0  0 43456  0  0 
 0 46653  2  6  0 24589 16  2  0 14717  0  0  0 55405 49  0  0  0  0  0  0  0 80  0  0 18 1225  1  0  0  0  0 1509 827  0  0 14335  0 826  0 3292  0 8384  0  0  0  0  0 63805  0 36 60  0 2317  0  0  2  0  0  0 
62691  0 13 329  0 31  3  0  0  0  0  0  0  0  0  0 17697  0  0 358  0  0  0 54  3 14438  0  0 32 14411  0 73  1 3152  0  0 442  0  0 2509  0  0 1037 11 1726  0  0 257  0  0  0  0  0  0  0  0  0  0  0  0 
 0  1  0 4804  0  0 28 48979 4825 346  0  0  0 532 8670  0  0  0 358  0  0 738  0  0 13404  0 25  0  0 1000 168  1 1527  0  0 138  0 1685  0  0 649  0  0  0  1 14  0  6 15  0  0 25 269  0  0 10 4048  0 1216  0 
 0  0 23729 2488 20739  0 155  0 15709  0 118  0 56 33615 33887 75735 16467  0  0  0  0  0  2 178 9918 11372  3  0 231  0  0  0  0  0  0  0  0  8 21829 143  1  0 6275  0  0  0 75 15645  0 19 32941  0  0 42245  0 1798 240 299 258 662 
 0 1178  8 10203  0 1700 20133  5 3337 1813  0 104 23  0 38576  0  3  0  0 738  0  0 32887  8 641  0  0 748  0 182  0  0  3 35486  3  0  3 11826  0 333  0 82  0  6  0  0 3283  0  0  1 492  0  0 28  7 93  0  0  0  0 
 1  0 106  0 17286  0  0  0 13466 57  0 48 87095 2021  0 199  0 80  0  0  2 32887  0  0 3354  0 134 21748  0 478 43  0  1 977 700 121 1776 12551 54575  0  0  0  0  0 96  2  0  0  0  0  0 52  0  0 1303  0  3 55971 4761  0 
20  0  0  0  0  0  0 4849  0  0  0 79 10 6491 12  0 770  0 54  0 178  8  0  0 13  1  0 1950  0  0  0  7  3 24856  0  0  0  0  0 178  0 91 58022 98  0  2 93704 9747  0  0  0  0 29  1 301  0  1  1  0 34974 
3288 7586  0 15870 70 2671  0  0 2059  0  0 91  0 490 232  0  0  0  3 13404 9918 641 3354 13  0 316  0  0 1309  0 34 25217 24  0  0  0  3  0  0  0 41559  1 27  0  0  2  0  0 99 28916 404  0  1 2329 3614 33  0 176 10 32652 
20862  0  0  0 40217  0  0  2  0  0  4  0  0 894 19578 202  0 18 14438  0 11372  0  0  1 316  0  0  0 4213 30823  0 76  0 19  0  0  0 671  4  0  0 55  0 83  0  1 176  6  0 4410  0 2714  0  0  0  0  0  0 26 430 
567  0  0  4 1924 331 1062  0  0  0  0  2  0 15 516  7  0 1225  0 25  3  0 134  0  0  0  0  0 469  0 20  5  0  0  0 56 42103  0  0  0  0  0  0  0 49  0  3  0 103 25137  0 12733  1 137  0  0  0 52 6927 24297 
8680 261 41720  0  0  0 415  3  0 64522  0 15  0  3  0  0  0  1  0  0  0 748 21748 1950  0  0  0  0  2 19042 12 116 10  0  0  0 16 25  3  0  0  0  0 16  0  0  0 58759 30  1 31182 474 28  0 45916 23  0  0  0  0 
27  0 108 355  0 1704 41309  0 11626  9 1138 305 57 1853 89  0 2427  0 32  0 231  0  0  0 1309 4213 469  2  0  0 390  0 1095 37 638  0  0  0  0 14604  1 105  0 1319 34987  1  0 30732  0  0 298 161  0  0  0  0 197 34 19  0 
 9  0 238  0 10110  0  0 45  0 10621  9 63472 19 51  0 60428 1731  0 14411 1000  0 182 478  0  0 30823  0 19042  0  0  2  0  0 27936  0  0  0  0  0 47072 36444 361  1  0  1 43  0  0  0  0 157 2054 6953 107 14294  0  0  0  0  0 
 0 136  0  0  0  1  2 21472 51 9164 50  0  3 3917  0 1645  0  0  0 168  0  0 43  0 34  0 20 12 390  2  0  4  0  0  0 164  0 7419 12541  0  0  4  4  0 17  0  0  1  0  0  0  0 3085  0  0  0  0  1 14 51 
 2  0  0  0 53  0  0  0 48065  0 67960  0  3 73  0  5  0  0 73  1  0  0  0  7 25217 76  5 116  0  0  4  0  0 252  0  0 17 14 3439  0 12635  0 13798 98  0  4  0 3486 20782 807  0  0 7457 8693 3544  0  2 2185  0 2242 
3897 1169  0 7275  0  0  0 1108  0  7  0 6813  0 2256  3  0  0 1509  1 1527  0  3  1  3 24  0  0 10 1095  0  0  0  0  0  0 11  0  0  0 2661 46  0  0 50 28611  0 70  8 5098 12236  0 13  1  1  0 984  0  0 54531  6 
 0  0  0  0  0  0 1299 1643  0  2  0 28723 36483 22611  0  1 24027 827 3152  0  0 35486 977 24856  0 19  0  0 37 27936  0 252  0  0 15 2642  0  0 11 25  0 453 15  0 39409  0  0  0 381  0  0 5290  0  0  0 7337 5591 1076  0 1046 
236  0 49  0  0  0  2  0  0  0 36157 440  0  0 46  0  6  0  0  0  0  3 700  0  0  0  0  0 638  0  0  0  0 15  0 22 91 10397 113 22 8130  0  0  0 36840  0  0  0 76 430  5  0  0  0  0 18 2685  0 78601 790 
 0  0  0  0  0  8 76  0  0  0  0  6 35754 22956  0  0  0  0  0 138  0  0 121  0  0  0 56  0  0  0 164  0 11 2642 22  0 2327 103  0  0 4796 372  0 90 31 687  0  1  0  0 73475 4606  0  1 42 22 63  0  0  7 
941  0  6  3  0 135 18788  0 1026 6254  0  0  0  0 34 276  0 14335 442  0  0  3 1776  0  3  0 42103 16  0  0  0 17  0  0 91 2327  0  0 151 40487  0  0  0 55  0 13  0 507 257 107  8 353  1  0 55  8 16  0 5151  0 
58724 121  1 30  1  0  0  0  0  1  0  0  0 549  1 510 640  0  0 1685  8 11826 12551  0  0 671  0 25  0  0 7419 14  0  0 10397 103  0  0 884 59 4196  5 8448 42717 3017  0  0  0 638  0  0 8756 6199  0 2855  0  0 133  0  0 
 2  0  0  0 314 179 30285  7  0 7887  0 112  0 198 17  4  0 826  0  0 21829  0 54575  0  0  4  0  3  0  0 12541 3439  0 11 113  0 151 884  0  0  0  3  0 18 84 46  7  0 8032 7503  0  0 14  0  0 144  0 34453  0 20583 
3328  0  0 236 41299  0  0 14160 23349  0  0  0 309 19  7  0 1062  0 2509  0 143 333  0 178  0  0  0  0 14604 47072  0  0 2661 25 22  0 40487 59  0  0  0 260 82  0 283  0 143  0  0  0 48 32  0  0  7  0 6188  0 107 54 
 0  0  0  0  0 7220  0 9850 140  0 123  0  0  0  2  0  8 3292  0 649  1  0  0  0 41559  0  0  0  1 36444  0 12635 46  0 8130 4796  0 4196  0  0  0  0  8  0  0  0  0  0 37710 413 37 111  2  5 46 30182 3940  0  0  0 
 0 34450  6  0  0 1169  0  0  1 76  2  0  0  0 3242 10463 34  0  0  0  0 82  0 91  1 55  0  0 105 361  4  0  0 453  0 372  0  5  3 260  0  0  0  9  0  0  0 14957  0  3 244 51  0  0  0 11  4  0 904 29562 
17262 314  0  8 30359 2492  0  0  0 1707  0 84  0 3717  0  0  0 8384 1037  0 6275  0  0 58022 27  0  0  0  0  1  4 13798  0 15  0  0  0 8448  0 82  8  0  0  0 26 1192 64  0  0  0  4 387 245  0  0 1092 7783 16  0  6 
212  0  0  0 181  0 3206  0  0  0  0  0  0  7  0 12  0  0 11  0  0  6  0 98  0 83  0 16 1319  0  0 98 50  0  0 90 55 42717 18  0  0  9  0  0  0 37253  2 493  0  0  0 98 69201  0 68835  0  0  0 5212 199 
 0  1  0  0  0  0  0  0  2 32558 16688  0  0  0 878 160 11  0 1726  1  0  0 96  0  0  0 49  0 34987  1 17  0 28611 39409 36840 31  0 3017 84 283  0  0 26  0  0 27669  0  0  0 22 119  0  0  0  0  0 15  0  0 99 
 0  0  0  0  0  0  0  6 67785  0  0  0  0 4395 49 5638  0  0  0 14  0  0  2  2  2  1  0  0  1 43  0  4  0  0  0 687 13  0 46  0  0  0 1192 37253 27669  0  0  0 64 190  0 230  0  4  0 5385 74110  1  0 204 
73  0  0  0  0  0 83 30  0  1  0 327  0  0  0  3  0  0  0  0 75 3283  0 93704  0 176  3  0  0  0  0  0 70  0  0  0  0  0  7 143  0  0 64  2  0  0  0 2634  0  0  0 7321  2  0  0 17  0  0  0 3318 
4979 46730 113 8614 1332  0  0  0  0 70036 23  0  0 761 93054 12 6322  0 257  6 15645  0  0 9747  0  6  0 58759 30732  0  1 3486  8  0  0  1 507  0  0  0  0 14957  0 493  0  0 2634  0 5515  0  0  0  0  4  0  9 2503  0  1 1493 
 0  0  0 761 2128  0  0  0  0 45 3769 59 98  7 30489  4  0 63805  0 15  0  0  0  0 99  0 103 30  0  0  0 20782 5098 381 76  0 257 638 8032  0 37710  0  0  0  0 64  0 5515  0 31  0  6  0  8 5054 17  0  2  0  0 
 0  0 95796 27 386 62 1277 1507 1353 404 207 78138 791 16628  3  1 11302  0  0  0 19  1  0  0 28916 4410 25137  1  0  0  0 807 12236  0 430  0 107  0 7503  0 413  3  0  0 22 190  0  0 31  0  0  5 2042 261 98589 62704  0  0  0  0 
 0  0 34 121 373  0  0 33614  0 14 113 18  0  0  4  0  0 36  0  0 32941 492  0  0 404  0  0 31182 298 157  0  0  0  0  5 73475  8  0  0 48 37 244  4  0 119  0  0  0  0  0  0 94  2 5644  8  0 3383  0 493  7 
 0  0 33  0  0 68  0  0 13 12  0  0  0  0  0  0  0 60  0 25  0  0 52  0  0 2714 12733 474 161 2054  0  0 13 5290  0 4606 353 8756  0 32 111 51 387 98  0 230 7321  0  6  5 94  0  0  0  0 6737  0  0  0  5 
 1 359 231  0  0 12  0  0  0  0  0  0 975  0  0 170 1120  0  0 269  0  0  0 29  1  0  1 28  0 6953 3085 7457  1  0  0  0  1 6199 14  0  2  0 245 69201  0  0  2  0  0 2042  2  0  0  1  0  0  0 709  0  0 
 4 1307 78533  0  0 825 32  0  0  0  0 81901 1414  0  0  0  0 2317  0  0 42245 28  0  1 2329  0 137  0  0 107  0 8693  1  0  0  1  0  0  0  0  5  0  0  0  0  4  0  4  8 261 5644  0  1  0  6  1  0 45062 131  4 
 0  0  6  0 578 175  0  2 12908 69  0 35  0 20638 39422  0  0  0  0  0  0  7 1303 301 3614  0  0 45916  0 14294  0 3544  0  0  0 42 55 2855  0  7 46  0  0 68835  0  0  0  0 5054 98589  8  0  0  6  0 24374 496 5403 57  2 
 0  0 1071  0 195  0  0 35373  0 1923  0  7  0 19 18927 1816  0  0  0 10 1798 93  0  0 33  0  0 23  0  0  0  0 984 7337 18 22  8  0 144  0 30182 11 1092  0  0 5385 17  9 17 62704  0 6737  0  1 24374  0 63139  0 382  0 
213  1 173 226 31453  0 19  0 38634 230  0  0 17  0  0  0  0  2  0 4048 240  0  3  1  0  0  0  0 197  0  0  2  0 5591 2685 63 16  0  0 6188 3940  4 7783  0 15 74110  0 2503  0  0 3383  0  0  0 496 63139  0 813  0 758 
 0 1884 315  0 1465  0  0  6 6066 30 80824 68742  0  0 46  0 43456  0  0  0 299  0 55971  1 176  0 52  0 34  0  1 2185  0 1076  0  0  0 133 34453  0  0  0 16  0  0  1  0  0  2  0  0  0 709 45062 5403  0 813  0  0 89 
 0  0  0  0 782  0  0  0  5  0  0 40018 17  0 123  0  0  0  0 1216 258  0 4761  0 10 26 6927  0 19  0 14  0 54531  0 78601  0 5151  0  0 107  0 904  0 5212  0  0  0  1  0  0 493  0  0 131 57 382  0  0  0  0 
9010 16147 38442 93617  0 324  0  0  0 15002  0 16  0  0  0 4616  0  0  0  0 662  0  0 34974 32652 430 24297  0  0  0 51 2242  6 1046 790  7  0  0 20583 54  0 29562  6 199 99 204 3318 1493  0  0  7  5  0  4  2  0 758 89  0  0 
